FID,FID_c9inch,FID_1,Shape_Leng,Shape_Area,Shape__Are,Shape__Len,FID_clip_t,STATEFP10,COUNTYFP10,TRACTCE10,GEOID10,NAME10,NAMELSAD10,MTFCC10,FUNCSTAT10,ALAND10,AWATER10,INTPTLAT10,INTPTLON10,area,interarea,percentage
0,0,1,391282.743031000020000,74208043.052499995000000,0.008106835371470,4.184459464140000,18,25,025,180500,25025180500,1805,Census Tract 1805,G5020,S,782843.000000000000000,1893415.000000000000000,+42.3673241,-070.9695072,193.617951385000000,15.384238760700001,0.079456675637000
1,0,1,391282.743031000020000,74208043.052499995000000,0.008106835371470,4.184459464140000,19,25,025,170800,25025170800,1708,Census Tract 1708,G5020,S,843082.000000000000000,503599.000000000000000,+42.3958704,-070.9841693,208.300532139000010,43.072887229999999,0.206782415713000
2,0,1,391282.743031000020000,74208043.052499995000000,0.008106835371470,4.184459464140000,24,25,025,160400,25025160400,1604,Census Tract 1604,G5020,S,1294086.000000000000000,3542.000000000000000,+42.3953160,-071.0424960,319.874592951000010,0.169510019839000,0.000529926488613
3,0,1,391282.743031000020000,74208043.052499995000000,0.008106835371470,4.184459464140000,48,25,025,100800,25025100800,1008,Census Tract 1008,G5020,S,1765783.000000000000000,141896.000000000000000,+42.2771920,-071.0638243,432.642995005999980,76.089614670299994,0.175871597480000
4,0,1,391282.743031000020000,74208043.052499995000000,0.008106835371470,4.184459464140000,53,25,025,981300,25025981300,9813,Census Tract 9813,G5020,S,7157254.000000000000000,2015092.000000000000000,+42.3611289,-071.0069754,1770.684652599999900,32.286749628300001,0.018234048384000
5,0,1,391282.743031000020000,74208043.052499995000000,0.008106835371470,4.184459464140000,54,25,025,981201,25025981201,9812.01,Census Tract 9812.01,G5020,S,786643.000000000000000,1328333.000000000000000,+42.3320503,-071.0270465,191.571903528000010,43.174630233899997,0.225370367151000
6,0,1,391282.743031000020000,74208043.052499995000000,0.008106835371470,4.184459464140000,55,25,025,990101,25025990101,9901.01,Census Tract 9901.01,G5020,S,0.000000000000000,134592489.000000000000000,+42.3296110,-070.9491995,11.612525736200000,3.144984776810000,0.270826937072000
7,0,1,391282.743031000020000,74208043.052499995000000,0.008106835371470,4.184459464140000,56,25,025,981501,25025981501,9815.01,Census Tract 9815.01,G5020,S,915439.000000000000000,1178787.000000000000000,+42.3524288,-071.0878101,516.711467727000010,316.998508185999980,0.613492302736000
8,0,1,391282.743031000020000,74208043.052499995000000,0.008106835371470,4.184459464140000,75,25,025,091001,25025091001,910.01,Census Tract 910.01,G5020,S,1186620.000000000000000,449817.000000000000000,+42.3082694,-071.0516795,295.126131773999990,44.183772546000000,0.149711488713000
9,0,1,391282.743031000020000,74208043.052499995000000,0.008106835371470,4.184459464140000,86,25,025,980101,25025980101,9801.01,Census Tract 9801.01,G5020,S,3191250.000000000000000,5488830.000000000000000,+42.3265116,-070.9390337,793.223229718999960,148.718109467000000,0.187485822269000
10,0,1,391282.743031000020000,74208043.052499995000000,0.008106835371470,4.184459464140000,87,25,025,170701,25025170701,1707.01,Census Tract 1707.01,G5020,S,507247.000000000000000,153379.000000000000000,+42.4022230,-070.9936992,127.537769650000000,5.454895973700000,0.042770827721600
11,0,1,391282.743031000020000,74208043.052499995000000,0.008106835371470,4.184459464140000,88,25,025,040801,25025040801,408.01,Census Tract 408.01,G5020,S,952430.000000000000000,752502.000000000000000,+42.3790410,-071.0520372,235.652889689999990,46.615649759999997,0.197814887063000
12,0,1,391282.743031000020000,74208043.052499995000000,0.008106835371470,4.184459464140000,126,25,025,100700,25025100700,1007,Census Tract 1007,G5020,S,1203877.000000000000000,173339.000000000000000,+42.2826719,-071.0479602,300.967518976000010,12.062592115999999,0.040079381845100
13,0,1,391282.743031000020000,74208043.052499995000000,0.008106835371470,4.184459464140000,127,25,025,100603,25025100603,1006.03,Census Tract 1006.03,G5020,S,886469.000000000000000,343678.000000000000000,+42.2915512,-071.0413191,220.209980922999990,42.240265460200000,0.191818124152000
14,0,1,391282.743031000020000,74208043.052499995000000,0.008106835371470,4.184459464140000,128,25,025,092101,25025092101,921.01,Census Tract 921.01,G5020,S,1291966.000000000000000,64101.000000000000000,+42.2979499,-071.0541278,319.843708999000000,5.647953348050000,0.017658478779300
15,0,1,391282.743031000020000,74208043.052499995000000,0.008106835371470,4.184459464140000,136,25,025,070101,25025070101,701.01,Census Tract 701.01,G5020,S,1019135.000000000000000,89007.000000000000000,+42.3524416,-071.0575175,253.297183644000000,5.231723977020000,0.020654489330500
16,0,1,391282.743031000020000,74208043.052499995000000,0.008106835371470,4.184459464140000,137,25,025,061200,25025061200,612,Census Tract 612,G5020,S,1841489.000000000000000,72450.000000000000000,+42.3398086,-071.0567242,455.112653916000000,62.546966188699997,0.137431832867000
17,0,1,391282.743031000020000,74208043.052499995000000,0.008106835371470,4.184459464140000,143,25,025,090901,25025090901,909.01,Census Tract 909.01,G5020,S,1173062.000000000000000,349466.000000000000000,+42.3170979,-071.0445333,291.766911940000000,6.124044716670000,0.020989510688300
18,0,1,391282.743031000020000,74208043.052499995000000,0.008106835371470,4.184459464140000,144,25,025,060101,25025060101,601.01,Census Tract 601.01,G5020,S,295623.000000000000000,0.000000000000000,+42.3347618,-071.0279302,73.041473053999994,0.835836062438000,0.011443307856300
19,0,1,391282.743031000020000,74208043.052499995000000,0.008106835371470,4.184459464140000,146,25,025,180101,25025180101,1801.01,Census Tract 1801.01,G5020,S,1137721.000000000000000,790428.000000000000000,+42.3869153,-070.9750268,281.100611387000010,26.835217106599998,0.095464812311100
20,0,1,391282.743031000020000,74208043.052499995000000,0.008106835371470,4.184459464140000,149,25,025,981502,25025981502,9815.02,Census Tract 9815.02,G5020,S,1252250.000000000000000,27493.000000000000000,+42.3963670,-071.0043791,316.154077325000000,9.824534293390000,0.031075146575700
21,0,1,391282.743031000020000,74208043.052499995000000,0.008106835371470,4.184459464140000,150,25,025,060600,25025060600,606,Census Tract 606,G5020,S,1260969.000000000000000,632511.000000000000000,+42.3495755,-071.0422812,309.302704575000010,48.671269398400000,0.157358046595000
22,0,1,391282.743031000020000,74208043.052499995000000,0.008106835371470,4.184459464140000,153,25,025,051200,25025051200,512,Census Tract 512,G5020,S,412098.000000000000000,496108.000000000000000,+42.3642605,-071.0365915,104.223615667999990,25.343801934199998,0.243167556333000
23,0,1,391282.743031000020000,74208043.052499995000000,0.008106835371470,4.184459464140000,157,25,025,050400,25025050400,504,Census Tract 504,G5020,S,131979.000000000000000,0.000000000000000,+42.3682184,-071.0379018,32.609176367899998,3.198405692660000,0.098082995307100
24,0,1,391282.743031000020000,74208043.052499995000000,0.008106835371470,4.184459464140000,158,25,025,050300,25025050300,503,Census Tract 503,G5020,S,355328.000000000000000,364097.000000000000000,+42.3722392,-071.0434118,86.226349980600006,22.325774085300001,0.258920551436000
25,0,1,391282.743031000020000,74208043.052499995000000,0.008106835371470,4.184459464140000,162,25,025,030500,25025030500,305,Census Tract 305,G5020,S,190734.000000000000000,292691.000000000000000,+42.3675368,-071.0519594,46.340019529999999,7.781772567860000,0.167927692884000
26,0,1,391282.743031000020000,74208043.052499995000000,0.008106835371470,4.184459464140000,163,25,025,180200,25025180200,1802,Census Tract 1802,G5020,S,1067654.000000000000000,240959.000000000000000,+42.3800132,-070.9880989,263.786700413999990,35.992873048800000,0.136446883002000
27,0,1,391282.743031000020000,74208043.052499995000000,0.008106835371470,4.184459464140000,164,25,025,981600,25025981600,9816,Census Tract 9816,G5020,S,586984.000000000000000,158872.000000000000000,+42.3886205,-070.9934424,149.641882363000010,121.974930801000000,0.815112245816000
28,0,1,391282.743031000020000,74208043.052499995000000,0.008106835371470,4.184459464140000,165,25,025,051101,25025051101,511.01,Census Tract 511.01,G5020,S,1159406.000000000000000,623214.000000000000000,+42.3854556,-071.0043188,287.052486266000020,11.335677350899999,0.039489911752200
29,0,1,391282.743031000020000,74208043.052499995000000,0.008106835371470,4.184459464140000,166,25,025,170601,25025170601,1706.01,Census Tract 1706.01,G5020,S,1277344.000000000000000,85936.000000000000000,+42.4073348,-071.0076986,311.932255473999990,3.495951507930000,0.011207406244700
30,0,1,391282.743031000020000,74208043.052499995000000,0.008106835371470,4.184459464140000,167,25,025,160502,25025160502,1605.02,Census Tract 1605.02,G5020,S,1152306.000000000000000,282671.000000000000000,+42.3965390,-071.0183981,280.445720875000010,76.565988732500003,0.273015357459000
31,0,1,391282.743031000020000,74208043.052499995000000,0.008106835371470,4.184459464140000,168,25,025,180301,25025180301,1803.01,Census Tract 1803.01,G5020,S,721121.000000000000000,293948.000000000000000,+42.3722211,-070.9899980,178.179292513000010,2.333536486900000,0.013096563882300
32,0,1,391282.743031000020000,74208043.052499995000000,0.008106835371470,4.184459464140000,169,25,025,051000,25025051000,510,Census Tract 510,G5020,S,1044305.000000000000000,210152.000000000000000,+42.3873027,-071.0161271,257.807297674999970,8.282236683540001,0.032125687512500
33,0,1,391282.743031000020000,74208043.052499995000000,0.008106835371470,4.184459464140000,170,25,025,030400,25025030400,304,Census Tract 304,G5020,S,108635.000000000000000,0.000000000000000,+42.3644367,-071.0541678,26.840956817500000,0.106818474317000,0.003979682059890
34,0,1,391282.743031000020000,74208043.052499995000000,0.008106835371470,4.184459464140000,171,25,025,030300,25025030300,303,Census Tract 303,G5020,S,691377.000000000000000,234496.000000000000000,+42.3600562,-071.0532861,169.886468753000000,25.683237906300000,0.151178831927000
35,0,1,391282.743031000020000,74208043.052499995000000,0.008106835371470,4.184459464140000,180,25,025,050101,25025050101,501.01,Census Tract 501.01,G5020,S,299772.000000000000000,184516.000000000000000,+42.3816657,-071.0397908,74.121888640899996,7.083001152880000,0.095558832657300
36,0,1,391282.743031000020000,74208043.052499995000000,0.008106835371470,4.184459464140000,181,25,025,050901,25025050901,509.01,Census Tract 509.01,G5020,S,614932.000000000000000,194139.000000000000000,+42.3819368,-071.0295001,151.948273696999990,18.315483410100001,0.120537620892000
37,0,1,391282.743031000020000,74208043.052499995000000,0.008106835371470,4.184459464140000,182,25,025,160300,25025160300,1603,Census Tract 1603,G5020,S,567067.000000000000000,294165.000000000000000,+42.3880151,-071.0467339,141.886937749000000,15.403111827200000,0.108559054636000
38,0,1,391282.743031000020000,74208043.052499995000000,0.008106835371470,4.184459464140000,183,25,025,160101,25025160101,1601.01,Census Tract 1601.01,G5020,S,707020.000000000000000,55916.000000000000000,+42.3889705,-071.0284298,175.354197340000010,35.291525931300001,0.201258518283000
39,0,1,391282.743031000020000,74208043.052499995000000,0.008106835371470,4.184459464140000,185,25,025,981202,25025981202,9812.02,Census Tract 9812.02,G5020,S,1594870.000000000000000,933939.000000000000000,+42.3439164,-071.0243619,391.220099190999970,21.071606971900000,0.053861258701900
40,0,1,391282.743031000020000,74208043.052499995000000,0.008106835371470,4.184459464140000,186,25,025,040100,25025040100,401,Census Tract 401,G5020,S,259341.000000000000000,64873.000000000000000,+42.3729980,-071.0601499,64.261569191700005,2.018941459850000,0.031417556173100
41,0,1,391282.743031000020000,74208043.052499995000000,0.008106835371470,4.184459464140000,187,25,025,040600,25025040600,406,Census Tract 406,G5020,S,1426899.000000000000000,420711.000000000000000,+42.3830719,-071.0699730,353.722048046999990,10.655908647400000,0.030125090325100
42,0,1,391282.743031000020000,74208043.052499995000000,0.008106835371470,4.184459464140000,195,25,025,040401,25025040401,404.01,Census Tract 404.01,G5020,S,429844.000000000000000,28580.000000000000000,+42.3741334,-071.0663888,107.015870535999990,2.596419335980000,0.024262002663500
43,0,1,391282.743031000020000,74208043.052499995000000,0.008106835371470,4.184459464140000,196,25,025,020303,25025020303,203.03,Census Tract 203.03,G5020,S,448840.000000000000000,78767.000000000000000,+42.3659600,-071.0634677,111.316039504000000,12.495380886500000,0.112251396494000
44,0,1,391282.743031000020000,74208043.052499995000000,0.008106835371470,4.184459464140000,197,25,025,070402,25025070402,704.02,Census Tract 704.02,G5020,S,267664.000000000000000,10223.000000000000000,+42.3451368,-071.0644405,65.869917159400003,1.001817130230000,0.015209023685400
45,0,1,391282.743031000020000,74208043.052499995000000,0.008106835371470,4.184459464140000,199,25,025,020301,25025020301,203.01,Census Tract 203.01,G5020,S,256258.000000000000000,328.000000000000000,+42.3631745,-071.0686463,63.200015045999997,0.510300851755000,0.008074378643480