FID,STATEFP10,COUNTYFP10,TRACTCE10,GEOID10,NAME10,NAMELSAD10,MTFCC10,FUNCSTAT10,ALAND10,AWATER10,INTPTLAT10,INTPTLON10,area,FID_1,FID_P21inc,FID_12,Shape_Leng,Shape_Area,Shape__Are,Shape__Len,FID_clip_t,STATEFP1_1,COUNTYFP_1,TRACTCE1_1,GEOID10_1,NAME10_1,NAMELSAD_1,MTFCC10_1,FUNCSTAT_1,ALAND10_1,AWATER10_1,INTPTLAT_1,INTPTLON_1,area_1,interarea,percentage
0,25,025,010801,25025010801,108.01,Census Tract 108.01,G5020,S,127905.000000000000000,0.000000000000000,+42.3541193,-071.0770216,31.603543807000001,0,0,1,516068.283295999980000,74102083.313999996000000,0.008095632776470,5.503180639010000,2,25,025,010801,25025010801,108.01,Census Tract 108.01,G5020,S,127905.000000000000000,0.000000000000000,+42.3541193,-071.0770216,31.603543807000001,1.124283139480000,0.035574590822700
1,25,025,010802,25025010802,108.02,Census Tract 108.02,G5020,S,155467.000000000000000,0.000000000000000,+42.3515181,-071.0856803,38.414137561399997,1,0,1,516068.283295999980000,74102083.313999996000000,0.008095632776470,5.503180639010000,5,25,025,010802,25025010802,108.02,Census Tract 108.02,G5020,S,155467.000000000000000,0.000000000000000,+42.3515181,-071.0856803,38.414137561399997,1.225120390330000,0.031892435132000
2,25,025,010104,25025010104,101.04,Census Tract 101.04,G5020,S,279354.000000000000000,7377.000000000000000,+42.3494322,-071.0937501,70.848750004699994,2,0,1,516068.283295999980000,74102083.313999996000000,0.008095632776470,5.503180639010000,6,25,025,010104,25025010104,101.04,Census Tract 101.04,G5020,S,279354.000000000000000,7377.000000000000000,+42.3494322,-071.0937501,70.848750004699994,0.369999847486000,0.005222390620320
3,25,025,180500,25025180500,1805,Census Tract 1805,G5020,S,782843.000000000000000,1893415.000000000000000,+42.3673241,-070.9695072,193.617951385000000,3,0,1,516068.283295999980000,74102083.313999996000000,0.008095632776470,5.503180639010000,18,25,025,180500,25025180500,1805,Census Tract 1805,G5020,S,782843.000000000000000,1893415.000000000000000,+42.3673241,-070.9695072,193.617951385000000,3.271717004240000,0.016897797858300
7,25,025,100800,25025100800,1008,Census Tract 1008,G5020,S,1765783.000000000000000,141896.000000000000000,+42.2771920,-071.0638243,432.642995005999980,7,0,1,516068.283295999980000,74102083.313999996000000,0.008095632776470,5.503180639010000,48,25,025,100800,25025100800,1008,Census Tract 1008,G5020,S,1765783.000000000000000,141896.000000000000000,+42.2771920,-071.0638243,432.642995005999980,85.346540215600001,0.197267819428000
8,25,025,981300,25025981300,9813,Census Tract 9813,G5020,S,7157254.000000000000000,2015092.000000000000000,+42.3611289,-071.0069754,1770.684652599999900,8,0,1,516068.283295999980000,74102083.313999996000000,0.008095632776470,5.503180639010000,53,25,025,981300,25025981300,9813,Census Tract 9813,G5020,S,7157254.000000000000000,2015092.000000000000000,+42.3611289,-071.0069754,1770.684652599999900,239.941199055000000,0.135507583862000
9,25,025,981201,25025981201,9812.01,Census Tract 9812.01,G5020,S,786643.000000000000000,1328333.000000000000000,+42.3320503,-071.0270465,191.571903528000010,9,0,1,516068.283295999980000,74102083.313999996000000,0.008095632776470,5.503180639010000,54,25,025,981201,25025981201,9812.01,Census Tract 9812.01,G5020,S,786643.000000000000000,1328333.000000000000000,+42.3320503,-071.0270465,191.571903528000010,137.919715122000010,0.719937071053000
11,25,025,981501,25025981501,9815.01,Census Tract 9815.01,G5020,S,915439.000000000000000,1178787.000000000000000,+42.3524288,-071.0878101,516.711467727000010,11,0,1,516068.283295999980000,74102083.313999996000000,0.008095632776470,5.503180639010000,56,25,025,981501,25025981501,9815.01,Census Tract 9815.01,G5020,S,915439.000000000000000,1178787.000000000000000,+42.3524288,-071.0878101,516.711467727000010,358.955929368999990,0.694693173635000
12,25,025,071201,25025071201,712.01,Census Tract 712.01,G5020,S,402228.000000000000000,0.000000000000000,+42.3398063,-071.0670729,99.384410212999995,12,0,1,516068.283295999980000,74102083.313999996000000,0.008095632776470,5.503180639010000,74,25,025,071201,25025071201,712.01,Census Tract 712.01,G5020,S,402228.000000000000000,0.000000000000000,+42.3398063,-071.0670729,99.384410212999995,0.180436060810000,0.001815536867640
13,25,025,091001,25025091001,910.01,Census Tract 910.01,G5020,S,1186620.000000000000000,449817.000000000000000,+42.3082694,-071.0516795,295.126131773999990,13,0,1,516068.283295999980000,74102083.313999996000000,0.008095632776470,5.503180639010000,75,25,025,091001,25025091001,910.01,Census Tract 910.01,G5020,S,1186620.000000000000000,449817.000000000000000,+42.3082694,-071.0516795,295.126131773999990,83.112547650500005,0.281617039979000
14,25,025,091100,25025091100,911,Census Tract 911,G5020,S,423899.000000000000000,0.000000000000000,+42.3156410,-071.0555949,104.737506424000000,14,0,1,516068.283295999980000,74102083.313999996000000,0.008095632776470,5.503180639010000,80,25,025,091100,25025091100,911,Census Tract 911,G5020,S,423899.000000000000000,0.000000000000000,+42.3156410,-071.0555949,104.737506424000000,4.324269936850000,0.041286737525900
15,25,025,090700,25025090700,907,Census Tract 907,G5020,S,1072571.000000000000000,0.000000000000000,+42.3241310,-071.0600285,265.011417708000010,15,0,1,516068.283295999980000,74102083.313999996000000,0.008095632776470,5.503180639010000,81,25,025,090700,25025090700,907,Census Tract 907,G5020,S,1072571.000000000000000,0.000000000000000,+42.3241310,-071.0600285,265.011417708000010,35.865235384800002,0.135334679898000
16,25,025,980101,25025980101,9801.01,Census Tract 9801.01,G5020,S,3191250.000000000000000,5488830.000000000000000,+42.3265116,-070.9390337,793.223229718999960,16,0,1,516068.283295999980000,74102083.313999996000000,0.008095632776470,5.503180639010000,86,25,025,980101,25025980101,9801.01,Census Tract 9801.01,G5020,S,3191250.000000000000000,5488830.000000000000000,+42.3265116,-070.9390337,793.223229718999960,170.030425656999990,0.214353815277000
18,25,025,040801,25025040801,408.01,Census Tract 408.01,G5020,S,952430.000000000000000,752502.000000000000000,+42.3790410,-071.0520372,235.652889689999990,18,0,1,516068.283295999980000,74102083.313999996000000,0.008095632776470,5.503180639010000,88,25,025,040801,25025040801,408.01,Census Tract 408.01,G5020,S,952430.000000000000000,752502.000000000000000,+42.3790410,-071.0520372,235.652889689999990,153.556003186999990,0.651619436490000
19,25,025,100700,25025100700,1007,Census Tract 1007,G5020,S,1203877.000000000000000,173339.000000000000000,+42.2826719,-071.0479602,300.967518976000010,19,0,1,516068.283295999980000,74102083.313999996000000,0.008095632776470,5.503180639010000,126,25,025,100700,25025100700,1007,Census Tract 1007,G5020,S,1203877.000000000000000,173339.000000000000000,+42.2826719,-071.0479602,300.967518976000010,35.969987274700003,0.119514515709000
20,25,025,100603,25025100603,1006.03,Census Tract 1006.03,G5020,S,886469.000000000000000,343678.000000000000000,+42.2915512,-071.0413191,220.209980922999990,20,0,1,516068.283295999980000,74102083.313999996000000,0.008095632776470,5.503180639010000,127,25,025,100603,25025100603,1006.03,Census Tract 1006.03,G5020,S,886469.000000000000000,343678.000000000000000,+42.2915512,-071.0413191,220.209980922999990,68.209356189999994,0.309746887512000
21,25,025,092101,25025092101,921.01,Census Tract 921.01,G5020,S,1291966.000000000000000,64101.000000000000000,+42.2979499,-071.0541278,319.843708999000000,21,0,1,516068.283295999980000,74102083.313999996000000,0.008095632776470,5.503180639010000,128,25,025,092101,25025092101,921.01,Census Tract 921.01,G5020,S,1291966.000000000000000,64101.000000000000000,+42.2979499,-071.0541278,319.843708999000000,8.220233211069999,0.025700781287200
22,25,025,061101,25025061101,611.01,Census Tract 611.01,G5020,S,165282.000000000000000,0.000000000000000,+42.3262844,-071.0542968,40.837574916599998,22,0,1,516068.283295999980000,74102083.313999996000000,0.008095632776470,5.503180639010000,129,25,025,061101,25025061101,611.01,Census Tract 611.01,G5020,S,165282.000000000000000,0.000000000000000,+42.3262844,-071.0542968,40.837574916599998,17.445469522400000,0.427191613558000
23,25,025,070700,25025070700,707,Census Tract 707,G5020,S,164131.000000000000000,0.000000000000000,+42.3458876,-071.0761484,40.554221093599999,23,0,1,516068.283295999980000,74102083.313999996000000,0.008095632776470,5.503180639010000,131,25,025,070700,25025070700,707,Census Tract 707,G5020,S,164131.000000000000000,0.000000000000000,+42.3458876,-071.0761484,40.554221093599999,1.346102112530000,0.033192651128100
24,25,025,070300,25025070300,703,Census Tract 703,G5020,S,336063.000000000000000,0.000000000000000,+42.3484105,-071.0703571,83.035916548399996,24,0,1,516068.283295999980000,74102083.313999996000000,0.008095632776470,5.503180639010000,134,25,025,070300,25025070300,703,Census Tract 703,G5020,S,336063.000000000000000,0.000000000000000,+42.3484105,-071.0703571,83.035916548399996,8.464908736670001,0.101942738619000
25,25,025,070200,25025070200,702,Census Tract 702,G5020,S,268778.000000000000000,0.000000000000000,+42.3496539,-071.0639144,66.411632553399997,25,0,1,516068.283295999980000,74102083.313999996000000,0.008095632776470,5.503180639010000,135,25,025,070200,25025070200,702,Census Tract 702,G5020,S,268778.000000000000000,0.000000000000000,+42.3496539,-071.0639144,66.411632553399997,21.904721230100002,0.329832596910000
26,25,025,070101,25025070101,701.01,Census Tract 701.01,G5020,S,1019135.000000000000000,89007.000000000000000,+42.3524416,-071.0575175,253.297183644000000,26,0,1,516068.283295999980000,74102083.313999996000000,0.008095632776470,5.503180639010000,136,25,025,070101,25025070101,701.01,Census Tract 701.01,G5020,S,1019135.000000000000000,89007.000000000000000,+42.3524416,-071.0575175,253.297183644000000,50.158179592400003,0.198021071023000
27,25,025,061200,25025061200,612,Census Tract 612,G5020,S,1841489.000000000000000,72450.000000000000000,+42.3398086,-071.0567242,455.112653916000000,27,0,1,516068.283295999980000,74102083.313999996000000,0.008095632776470,5.503180639010000,137,25,025,061200,25025061200,612,Census Tract 612,G5020,S,1841489.000000000000000,72450.000000000000000,+42.3398086,-071.0567242,455.112653916000000,238.265416702000010,0.523530635002000
28,25,025,061000,25025061000,610,Census Tract 610,G5020,S,173037.000000000000000,0.000000000000000,+42.3316206,-071.0499171,42.754391395299997,28,0,1,516068.283295999980000,74102083.313999996000000,0.008095632776470,5.503180639010000,138,25,025,061000,25025061000,610,Census Tract 610,G5020,S,173037.000000000000000,0.000000000000000,+42.3316206,-071.0499171,42.754391395299997,9.878455717510001,0.231051253336000
29,25,025,060800,25025060800,608,Census Tract 608,G5020,S,341227.000000000000000,0.000000000000000,+42.3354034,-071.0514926,84.311015683099995,29,0,1,516068.283295999980000,74102083.313999996000000,0.008095632776470,5.503180639010000,139,25,025,060800,25025060800,608,Census Tract 608,G5020,S,341227.000000000000000,0.000000000000000,+42.3354034,-071.0514926,84.311015683099995,13.835593691700000,0.164101850507000
30,25,025,060700,25025060700,607,Census Tract 607,G5020,S,128228.000000000000000,0.000000000000000,+42.3385217,-071.0539041,31.682349232899998,30,0,1,516068.283295999980000,74102083.313999996000000,0.008095632776470,5.503180639010000,140,25,025,060700,25025060700,607,Census Tract 607,G5020,S,128228.000000000000000,0.000000000000000,+42.3385217,-071.0539041,31.682349232899998,0.137017240608000,0.004324718460770
31,25,025,080100,25025080100,801,Census Tract 801,G5020,S,1026391.000000000000000,0.000000000000000,+42.3293317,-071.0705291,253.604597856000000,31,0,1,516068.283295999980000,74102083.313999996000000,0.008095632776470,5.503180639010000,141,25,025,080100,25025080100,801,Census Tract 801,G5020,S,1026391.000000000000000,0.000000000000000,+42.3293317,-071.0705291,253.604597856000000,0.588053411329000,0.002318780559580
32,25,025,060301,25025060301,603.01,Census Tract 603.01,G5020,S,272518.000000000000000,0.000000000000000,+42.3334669,-071.0369483,67.334143645400005,32,0,1,516068.283295999980000,74102083.313999996000000,0.008095632776470,5.503180639010000,142,25,025,060301,25025060301,603.01,Census Tract 603.01,G5020,S,272518.000000000000000,0.000000000000000,+42.3334669,-071.0369483,67.334143645400005,0.181782884824000,0.002699713324960
33,25,025,090901,25025090901,909.01,Census Tract 909.01,G5020,S,1173062.000000000000000,349466.000000000000000,+42.3170979,-071.0445333,291.766911940000000,33,0,1,516068.283295999980000,74102083.313999996000000,0.008095632776470,5.503180639010000,143,25,025,090901,25025090901,909.01,Census Tract 909.01,G5020,S,1173062.000000000000000,349466.000000000000000,+42.3170979,-071.0445333,291.766911940000000,114.753242545000010,0.393304510721000
34,25,025,060101,25025060101,601.01,Census Tract 601.01,G5020,S,295623.000000000000000,0.000000000000000,+42.3347618,-071.0279302,73.041473053999994,34,0,1,516068.283295999980000,74102083.313999996000000,0.008095632776470,5.503180639010000,144,25,025,060101,25025060101,601.01,Census Tract 601.01,G5020,S,295623.000000000000000,0.000000000000000,+42.3347618,-071.0279302,73.041473053999994,7.169792717230000,0.098160571213100
36,25,025,981502,25025981502,9815.02,Census Tract 9815.02,G5020,S,1252250.000000000000000,27493.000000000000000,+42.3963670,-071.0043791,316.154077325000000,36,0,1,516068.283295999980000,74102083.313999996000000,0.008095632776470,5.503180639010000,149,25,025,981502,25025981502,9815.02,Census Tract 9815.02,G5020,S,1252250.000000000000000,27493.000000000000000,+42.3963670,-071.0043791,316.154077325000000,150.410683901999990,0.475751207053000
37,25,025,060600,25025060600,606,Census Tract 606,G5020,S,1260969.000000000000000,632511.000000000000000,+42.3495755,-071.0422812,309.302704575000010,37,0,1,516068.283295999980000,74102083.313999996000000,0.008095632776470,5.503180639010000,150,25,025,060600,25025060600,606,Census Tract 606,G5020,S,1260969.000000000000000,632511.000000000000000,+42.3495755,-071.0422812,309.302704575000010,208.745578937999990,0.674890894423000
38,25,025,060400,25025060400,604,Census Tract 604,G5020,S,399278.000000000000000,0.000000000000000,+42.3323988,-071.0428981,98.654182599899997,38,0,1,516068.283295999980000,74102083.313999996000000,0.008095632776470,5.503180639010000,151,25,025,060400,25025060400,604,Census Tract 604,G5020,S,399278.000000000000000,0.000000000000000,+42.3323988,-071.0428981,98.654182599899997,0.233777892788000,0.002369670363960
39,25,025,060200,25025060200,602,Census Tract 602,G5020,S,170386.000000000000000,0.000000000000000,+42.3325583,-071.0326799,42.098565050900000,39,0,1,516068.283295999980000,74102083.313999996000000,0.008095632776470,5.503180639010000,152,25,025,060200,25025060200,602,Census Tract 602,G5020,S,170386.000000000000000,0.000000000000000,+42.3325583,-071.0326799,42.098565050900000,3.730561065230000,0.088614922164700
40,25,025,051200,25025051200,512,Census Tract 512,G5020,S,412098.000000000000000,496108.000000000000000,+42.3642605,-071.0365915,104.223615667999990,40,0,1,516068.283295999980000,74102083.313999996000000,0.008095632776470,5.503180639010000,153,25,025,051200,25025051200,512,Census Tract 512,G5020,S,412098.000000000000000,496108.000000000000000,+42.3642605,-071.0365915,104.223615667999990,55.931065265900003,0.536644837232000
41,25,025,050700,25025050700,507,Census Tract 507,G5020,S,271727.000000000000000,0.000000000000000,+42.3753575,-071.0332714,67.137422602000001,41,0,1,516068.283295999980000,74102083.313999996000000,0.008095632776470,5.503180639010000,154,25,025,050700,25025050700,507,Census Tract 507,G5020,S,271727.000000000000000,0.000000000000000,+42.3753575,-071.0332714,67.137422602000001,58.053547011500001,0.864697284488000
42,25,025,050600,25025050600,506,Census Tract 506,G5020,S,169229.000000000000000,0.000000000000000,+42.3718877,-071.0372695,41.812655650400004,42,0,1,516068.283295999980000,74102083.313999996000000,0.008095632776470,5.503180639010000,155,25,025,050600,25025050600,506,Census Tract 506,G5020,S,169229.000000000000000,0.000000000000000,+42.3718877,-071.0372695,41.812655650400004,38.108384388099999,0.911407893025000
43,25,025,050500,25025050500,505,Census Tract 505,G5020,S,114773.000000000000000,0.000000000000000,+42.3697766,-071.0339104,28.358037005700002,43,0,1,516068.283295999980000,74102083.313999996000000,0.008095632776470,5.503180639010000,156,25,025,050500,25025050500,505,Census Tract 505,G5020,S,114773.000000000000000,0.000000000000000,+42.3697766,-071.0339104,28.358037005700002,26.449726770400002,0.932706546828000
44,25,025,050400,25025050400,504,Census Tract 504,G5020,S,131979.000000000000000,0.000000000000000,+42.3682184,-071.0379018,32.609176367899998,44,0,1,516068.283295999980000,74102083.313999996000000,0.008095632776470,5.503180639010000,157,25,025,050400,25025050400,504,Census Tract 504,G5020,S,131979.000000000000000,0.000000000000000,+42.3682184,-071.0379018,32.609176367899998,17.152153317300002,0.525991614256000
45,25,025,050300,25025050300,503,Census Tract 503,G5020,S,355328.000000000000000,364097.000000000000000,+42.3722392,-071.0434118,86.226349980600006,45,0,1,516068.283295999980000,74102083.313999996000000,0.008095632776470,5.503180639010000,158,25,025,050300,25025050300,503,Census Tract 503,G5020,S,355328.000000000000000,364097.000000000000000,+42.3722392,-071.0434118,86.226349980600006,61.887074175999999,0.717728098081000
46,25,025,050200,25025050200,502,Census Tract 502,G5020,S,243272.000000000000000,0.000000000000000,+42.3775778,-071.0357577,60.106694198100001,46,0,1,516068.283295999980000,74102083.313999996000000,0.008095632776470,5.503180639010000,159,25,025,050200,25025050200,502,Census Tract 502,G5020,S,243272.000000000000000,0.000000000000000,+42.3775778,-071.0357577,60.106694198100001,8.331977257609999,0.138619788840000
47,25,025,040300,25025040300,403,Census Tract 403,G5020,S,280098.000000000000000,0.000000000000000,+42.3787347,-071.0633841,69.207584989099999,47,0,1,516068.283295999980000,74102083.313999996000000,0.008095632776470,5.503180639010000,160,25,025,040300,25025040300,403,Census Tract 403,G5020,S,280098.000000000000000,0.000000000000000,+42.3787347,-071.0633841,69.207584989099999,0.049324584751300,0.000712704897289
48,25,025,030500,25025030500,305,Census Tract 305,G5020,S,190734.000000000000000,292691.000000000000000,+42.3675368,-071.0519594,46.340019529999999,48,0,1,516068.283295999980000,74102083.313999996000000,0.008095632776470,5.503180639010000,162,25,025,030500,25025030500,305,Census Tract 305,G5020,S,190734.000000000000000,292691.000000000000000,+42.3675368,-071.0519594,46.340019529999999,23.533725365799999,0.507848844357000
50,25,025,981600,25025981600,9816,Census Tract 9816,G5020,S,586984.000000000000000,158872.000000000000000,+42.3886205,-070.9934424,149.641882363000010,50,0,1,516068.283295999980000,74102083.313999996000000,0.008095632776470,5.503180639010000,164,25,025,981600,25025981600,9816,Census Tract 9816,G5020,S,586984.000000000000000,158872.000000000000000,+42.3886205,-070.9934424,149.641882363000010,138.042974600000010,0.922488894287000
51,25,025,051101,25025051101,511.01,Census Tract 511.01,G5020,S,1159406.000000000000000,623214.000000000000000,+42.3854556,-071.0043188,287.052486266000020,51,0,1,516068.283295999980000,74102083.313999996000000,0.008095632776470,5.503180639010000,165,25,025,051101,25025051101,511.01,Census Tract 511.01,G5020,S,1159406.000000000000000,623214.000000000000000,+42.3854556,-071.0043188,287.052486266000020,90.781796381000007,0.316255042978000
55,25,025,051000,25025051000,510,Census Tract 510,G5020,S,1044305.000000000000000,210152.000000000000000,+42.3873027,-071.0161271,257.807297674999970,55,0,1,516068.283295999980000,74102083.313999996000000,0.008095632776470,5.503180639010000,169,25,025,051000,25025051000,510,Census Tract 510,G5020,S,1044305.000000000000000,210152.000000000000000,+42.3873027,-071.0161271,257.807297674999970,99.946418418199997,0.387678779148000
56,25,025,030400,25025030400,304,Census Tract 304,G5020,S,108635.000000000000000,0.000000000000000,+42.3644367,-071.0541678,26.840956817500000,56,0,1,516068.283295999980000,74102083.313999996000000,0.008095632776470,5.503180639010000,170,25,025,030400,25025030400,304,Census Tract 304,G5020,S,108635.000000000000000,0.000000000000000,+42.3644367,-071.0541678,26.840956817500000,0.848542558979000,0.031613722444700
57,25,025,030300,25025030300,303,Census Tract 303,G5020,S,691377.000000000000000,234496.000000000000000,+42.3600562,-071.0532861,169.886468753000000,57,0,1,516068.283295999980000,74102083.313999996000000,0.008095632776470,5.503180639010000,171,25,025,030300,25025030300,303,Census Tract 303,G5020,S,691377.000000000000000,234496.000000000000000,+42.3600562,-071.0532861,169.886468753000000,73.574146140600007,0.433078318012000
58,25,025,030200,25025030200,302,Census Tract 302,G5020,S,66711.000000000000000,0.000000000000000,+42.3645208,-071.0569750,16.483339830500000,58,0,1,516068.283295999980000,74102083.313999996000000,0.008095632776470,5.503180639010000,172,25,025,030200,25025030200,302,Census Tract 302,G5020,S,66711.000000000000000,0.000000000000000,+42.3645208,-071.0569750,16.483339830500000,6.351886391130000,0.385351904192000
59,25,025,030100,25025030100,301,Census Tract 301,G5020,S,76346.000000000000000,0.000000000000000,+42.3669462,-071.0561502,18.863690249800001,59,0,1,516068.283295999980000,74102083.313999996000000,0.008095632776470,5.503180639010000,173,25,025,030100,25025030100,301,Census Tract 301,G5020,S,76346.000000000000000,0.000000000000000,+42.3669462,-071.0561502,18.863690249800001,0.489204441832000,0.025933655364000
60,25,025,050101,25025050101,501.01,Census Tract 501.01,G5020,S,299772.000000000000000,184516.000000000000000,+42.3816657,-071.0397908,74.121888640899996,60,0,1,516068.283295999980000,74102083.313999996000000,0.008095632776470,5.503180639010000,180,25,025,050101,25025050101,501.01,Census Tract 501.01,G5020,S,299772.000000000000000,184516.000000000000000,+42.3816657,-071.0397908,74.121888640899996,13.825554352499999,0.186524582765000
61,25,025,050901,25025050901,509.01,Census Tract 509.01,G5020,S,614932.000000000000000,194139.000000000000000,+42.3819368,-071.0295001,151.948273696999990,61,0,1,516068.283295999980000,74102083.313999996000000,0.008095632776470,5.503180639010000,181,25,025,050901,25025050901,509.01,Census Tract 509.01,G5020,S,614932.000000000000000,194139.000000000000000,+42.3819368,-071.0295001,151.948273696999990,43.276322058500000,0.284809567135000
64,25,025,060501,25025060501,605.01,Census Tract 605.01,G5020,S,411742.000000000000000,0.000000000000000,+42.3368686,-071.0382133,101.733112559000010,64,0,1,516068.283295999980000,74102083.313999996000000,0.008095632776470,5.503180639010000,184,25,025,060501,25025060501,605.01,Census Tract 605.01,G5020,S,411742.000000000000000,0.000000000000000,+42.3368686,-071.0382133,101.733112559000010,1.327384941230000,0.013047717776800
65,25,025,981202,25025981202,9812.02,Census Tract 9812.02,G5020,S,1594870.000000000000000,933939.000000000000000,+42.3439164,-071.0243619,391.220099190999970,65,0,1,516068.283295999980000,74102083.313999996000000,0.008095632776470,5.503180639010000,185,25,025,981202,25025981202,9812.02,Census Tract 9812.02,G5020,S,1594870.000000000000000,933939.000000000000000,+42.3439164,-071.0243619,391.220099190999970,285.327929402000000,0.729328401051000
66,25,025,040100,25025040100,401,Census Tract 401,G5020,S,259341.000000000000000,64873.000000000000000,+42.3729980,-071.0601499,64.261569191700005,66,0,1,516068.283295999980000,74102083.313999996000000,0.008095632776470,5.503180639010000,186,25,025,040100,25025040100,401,Census Tract 401,G5020,S,259341.000000000000000,64873.000000000000000,+42.3729980,-071.0601499,64.261569191700005,10.133882491500000,0.157697401713000
67,25,025,040600,25025040600,406,Census Tract 406,G5020,S,1426899.000000000000000,420711.000000000000000,+42.3830719,-071.0699730,353.722048046999990,67,0,1,516068.283295999980000,74102083.313999996000000,0.008095632776470,5.503180639010000,187,25,025,040600,25025040600,406,Census Tract 406,G5020,S,1426899.000000000000000,420711.000000000000000,+42.3830719,-071.0699730,353.722048046999990,135.200717547000010,0.382223042905000
68,25,025,040401,25025040401,404.01,Census Tract 404.01,G5020,S,429844.000000000000000,28580.000000000000000,+42.3741334,-071.0663888,107.015870535999990,68,0,1,516068.283295999980000,74102083.313999996000000,0.008095632776470,5.503180639010000,195,25,025,040401,25025040401,404.01,Census Tract 404.01,G5020,S,429844.000000000000000,28580.000000000000000,+42.3741334,-071.0663888,107.015870535999990,14.018846253800000,0.130997824749000
69,25,025,020303,25025020303,203.03,Census Tract 203.03,G5020,S,448840.000000000000000,78767.000000000000000,+42.3659600,-071.0634677,111.316039504000000,69,0,1,516068.283295999980000,74102083.313999996000000,0.008095632776470,5.503180639010000,196,25,025,020303,25025020303,203.03,Census Tract 203.03,G5020,S,448840.000000000000000,78767.000000000000000,+42.3659600,-071.0634677,111.316039504000000,57.954281773900000,0.520628312255000
70,25,025,070402,25025070402,704.02,Census Tract 704.02,G5020,S,267664.000000000000000,10223.000000000000000,+42.3451368,-071.0644405,65.869917159400003,70,0,1,516068.283295999980000,74102083.313999996000000,0.008095632776470,5.503180639010000,197,25,025,070402,25025070402,704.02,Census Tract 704.02,G5020,S,267664.000000000000000,10223.000000000000000,+42.3451368,-071.0644405,65.869917159400003,9.056059116740000,0.137483991286000
71,25,025,020301,25025020301,203.01,Census Tract 203.01,G5020,S,256258.000000000000000,328.000000000000000,+42.3631745,-071.0686463,63.200015045999997,71,0,1,516068.283295999980000,74102083.313999996000000,0.008095632776470,5.503180639010000,199,25,025,020301,25025020301,203.01,Census Tract 203.01,G5020,S,256258.000000000000000,328.000000000000000,+42.3631745,-071.0686463,63.200015045999997,0.984335999800000,0.015574932997800
72,25,025,010405,25025010405,104.05,Census Tract 104.05,G5020,S,363702.000000000000000,0.000000000000000,+42.3398654,-071.0896052,89.865942596699995,0,0,0,0.000000000000000,0.000000000000000,0.000000000000000,0.000000000000000,0, , , , , , , , ,0.000000000000000,0.000000000000000, , ,0.000000000000000,0.000000000000000,0.000000000000000
73,25,025,010404,25025010404,104.04,Census Tract 104.04,G5020,S,136829.000000000000000,0.000000000000000,+42.3419667,-071.0886375,33.808767620499999,0,0,0,0.000000000000000,0.000000000000000,0.000000000000000,0.000000000000000,0, , , , , , , , ,0.000000000000000,0.000000000000000, , ,0.000000000000000,0.000000000000000,0.000000000000000
74,25,025,010702,25025010702,107.02,Census Tract 107.02,G5020,S,299981.000000000000000,0.000000000000000,+42.3518354,-071.0755159,74.121632525300001,0,0,0,0.000000000000000,0.000000000000000,0.000000000000000,0.000000000000000,0, , , , , , , , ,0.000000000000000,0.000000000000000, , ,0.000000000000000,0.000000000000000,0.000000000000000
75,25,025,010204,25025010204,102.04,Census Tract 102.04,G5020,S,254706.000000000000000,0.000000000000000,+42.3462887,-071.1033879,62.936564123799997,0,0,0,0.000000000000000,0.000000000000000,0.000000000000000,0.000000000000000,0, , , , , , , , ,0.000000000000000,0.000000000000000, , ,0.000000000000000,0.000000000000000,0.000000000000000
76,25,025,000703,25025000703,7.03,Census Tract 7.03,G5020,S,178020.000000000000000,0.000000000000000,+42.3513290,-071.1282159,43.987851687400003,0,0,0,0.000000000000000,0.000000000000000,0.000000000000000,0.000000000000000,0, , , , , , , , ,0.000000000000000,0.000000000000000, , ,0.000000000000000,0.000000000000000,0.000000000000000
77,25,025,000504,25025000504,5.04,Census Tract 5.04,G5020,S,333187.000000000000000,0.000000000000000,+42.3414718,-071.1438264,82.329891009500002,0,0,0,0.000000000000000,0.000000000000000,0.000000000000000,0.000000000000000,0, , , , , , , , ,0.000000000000000,0.000000000000000, , ,0.000000000000000,0.000000000000000,0.000000000000000
78,25,025,000704,25025000704,7.04,Census Tract 7.04,G5020,S,239781.000000000000000,0.000000000000000,+42.3500029,-071.1334045,59.249450981599999,0,0,0,0.000000000000000,0.000000000000000,0.000000000000000,0.000000000000000,0, , , , , , , , ,0.000000000000000,0.000000000000000, , ,0.000000000000000,0.000000000000000,0.000000000000000
79,25,025,010103,25025010103,101.03,Census Tract 101.03,G5020,S,273032.000000000000000,0.000000000000000,+42.3497818,-071.1034479,67.463782730500000,0,0,0,0.000000000000000,0.000000000000000,0.000000000000000,0.000000000000000,0, , , , , , , , ,0.000000000000000,0.000000000000000, , ,0.000000000000000,0.000000000000000,0.000000000000000
80,25,025,000803,25025000803,8.03,Census Tract 8.03,G5020,S,1158191.000000000000000,0.000000000000000,+42.3594775,-071.1212626,286.180706831000010,0,0,0,0.000000000000000,0.000000000000000,0.000000000000000,0.000000000000000,0, , , , , , , , ,0.000000000000000,0.000000000000000, , ,0.000000000000000,0.000000000000000,0.000000000000000
81,25,025,980300,25025980300,9803,Census Tract 9803,G5020,S,2075986.000000000000000,27540.000000000000000,+42.3006134,-071.0946130,519.759050569000010,0,0,0,0.000000000000000,0.000000000000000,0.000000000000000,0.000000000000000,0, , , , , , , , ,0.000000000000000,0.000000000000000, , ,0.000000000000000,0.000000000000000,0.000000000000000
82,25,025,120201,25025120201,1202.01,Census Tract 1202.01,G5020,S,719468.000000000000000,0.000000000000000,+42.3051570,-071.1083675,177.773221737999990,0,0,0,0.000000000000000,0.000000000000000,0.000000000000000,0.000000000000000,0, , , , , , , , ,0.000000000000000,0.000000000000000, , ,0.000000000000000,0.000000000000000,0.000000000000000
83,25,025,120104,25025120104,1201.04,Census Tract 1201.04,G5020,S,290296.000000000000000,0.000000000000000,+42.3056862,-071.1173049,71.730211105699993,0,0,0,0.000000000000000,0.000000000000000,0.000000000000000,0.000000000000000,0, , , , , , , , ,0.000000000000000,0.000000000000000, , ,0.000000000000000,0.000000000000000,0.000000000000000
84,25,025,110607,25025110607,1106.07,Census Tract 1106.07,G5020,S,1171287.000000000000000,0.000000000000000,+42.2902868,-071.1346400,289.420550686000010,0,0,0,0.000000000000000,0.000000000000000,0.000000000000000,0.000000000000000,0, , , , , , , , ,0.000000000000000,0.000000000000000, , ,0.000000000000000,0.000000000000000,0.000000000000000
85,25,025,000302,25025000302,3.02,Census Tract 3.02,G5020,S,589888.000000000000000,46101.000000000000000,+42.3472584,-071.1676863,157.153358063000010,0,0,0,0.000000000000000,0.000000000000000,0.000000000000000,0.000000000000000,0, , , , , , , , ,0.000000000000000,0.000000000000000, , ,0.000000000000000,0.000000000000000,0.000000000000000
86,25,025,000301,25025000301,3.01,Census Tract 3.01,G5020,S,572307.000000000000000,0.000000000000000,+42.3541442,-071.1688266,141.417399275000010,0,0,0,0.000000000000000,0.000000000000000,0.000000000000000,0.000000000000000,0, , , , , , , , ,0.000000000000000,0.000000000000000, , ,0.000000000000000,0.000000000000000,0.000000000000000
91,25,025,140400,25025140400,1404,Census Tract 1404,G5020,S,1878139.000000000000000,12733.000000000000000,+42.2692219,-071.1118088,466.883102853000030,0,0,0,0.000000000000000,0.000000000000000,0.000000000000000,0.000000000000000,0, , , , , , , , ,0.000000000000000,0.000000000000000, , ,0.000000000000000,0.000000000000000,0.000000000000000
92,25,025,140300,25025140300,1403,Census Tract 1403,G5020,S,1547361.000000000000000,41485.000000000000000,+42.2587734,-071.1188131,390.697490438999980,0,0,0,0.000000000000000,0.000000000000000,0.000000000000000,0.000000000000000,0, , , , , , , , ,0.000000000000000,0.000000000000000, , ,0.000000000000000,0.000000000000000,0.000000000000000
93,25,025,140201,25025140201,1402.01,Census Tract 1402.01,G5020,S,1329071.000000000000000,86300.000000000000000,+42.2375306,-071.1305713,349.598335028000010,0,0,0,0.000000000000000,0.000000000000000,0.000000000000000,0.000000000000000,0, , , , , , , , ,0.000000000000000,0.000000000000000, , ,0.000000000000000,0.000000000000000,0.000000000000000
94,25,025,140202,25025140202,1402.02,Census Tract 1402.02,G5020,S,1538700.000000000000000,17101.000000000000000,+42.2495181,-071.1175430,376.659082500000010,0,0,0,0.000000000000000,0.000000000000000,0.000000000000000,0.000000000000000,0, , , , , , , , ,0.000000000000000,0.000000000000000, , ,0.000000000000000,0.000000000000000,0.000000000000000
95,25,025,140102,25025140102,1401.02,Census Tract 1401.02,G5020,S,2080064.000000000000000,75318.000000000000000,+42.2446858,-071.1424773,532.588690010000050,0,0,0,0.000000000000000,0.000000000000000,0.000000000000000,0.000000000000000,0, , , , , , , , ,0.000000000000000,0.000000000000000, , ,0.000000000000000,0.000000000000000,0.000000000000000
96,25,025,130402,25025130402,1304.02,Census Tract 1304.02,G5020,S,2103293.000000000000000,169597.000000000000000,+42.2724011,-071.1694056,561.635762291999980,0,0,0,0.000000000000000,0.000000000000000,0.000000000000000,0.000000000000000,0, , , , , , , , ,0.000000000000000,0.000000000000000, , ,0.000000000000000,0.000000000000000,0.000000000000000
97,25,025,130300,25025130300,1303,Census Tract 1303,G5020,S,1442181.000000000000000,0.000000000000000,+42.2791295,-071.1507097,356.360814446000010,0,0,0,0.000000000000000,0.000000000000000,0.000000000000000,0.000000000000000,0, , , , , , , , ,0.000000000000000,0.000000000000000, , ,0.000000000000000,0.000000000000000,0.000000000000000
98,25,025,130200,25025130200,1302,Census Tract 1302,G5020,S,1352655.000000000000000,0.000000000000000,+42.2873319,-071.1570120,334.241454759000020,0,0,0,0.000000000000000,0.000000000000000,0.000000000000000,0.000000000000000,0, , , , , , , , ,0.000000000000000,0.000000000000000, , ,0.000000000000000,0.000000000000000,0.000000000000000
99,25,025,130100,25025130100,1301,Census Tract 1301,G5020,S,4344387.000000000000000,45805.000000000000000,+42.2904255,-071.1714978,1084.825180260000000,0,0,0,0.000000000000000,0.000000000000000,0.000000000000000,0.000000000000000,0, , , , , , , , ,0.000000000000000,0.000000000000000, , ,0.000000000000000,0.000000000000000,0.000000000000000
100,25,025,120700,25025120700,1207,Census Tract 1207,G5020,S,297485.000000000000000,0.000000000000000,+42.3242557,-071.1112111,73.506194596499995,0,0,0,0.000000000000000,0.000000000000000,0.000000000000000,0.000000000000000,0, , , , , , , , ,0.000000000000000,0.000000000000000, , ,0.000000000000000,0.000000000000000,0.000000000000000
101,25,025,120600,25025120600,1206,Census Tract 1206,G5020,S,258212.000000000000000,0.000000000000000,+42.3191097,-071.1088407,63.802005751400003,0,0,0,0.000000000000000,0.000000000000000,0.000000000000000,0.000000000000000,0, , , , , , , , ,0.000000000000000,0.000000000000000, , ,0.000000000000000,0.000000000000000,0.000000000000000
102,25,025,120500,25025120500,1205,Census Tract 1205,G5020,S,213705.000000000000000,0.000000000000000,+42.3206587,-071.1042025,52.805046157600003,0,0,0,0.000000000000000,0.000000000000000,0.000000000000000,0.000000000000000,0, , , , , , , , ,0.000000000000000,0.000000000000000, , ,0.000000000000000,0.000000000000000,0.000000000000000
103,25,025,120400,25025120400,1204,Census Tract 1204,G5020,S,998928.000000000000000,0.000000000000000,+42.3139015,-071.1116653,246.827676094000000,0,0,0,0.000000000000000,0.000000000000000,0.000000000000000,0.000000000000000,0, , , , , , , , ,0.000000000000000,0.000000000000000, , ,0.000000000000000,0.000000000000000,0.000000000000000
104,25,025,110601,25025110601,1106.01,Census Tract 1106.01,G5020,S,1406583.000000000000000,8282.000000000000000,+42.2983302,-071.1397069,349.609481390999970,0,0,0,0.000000000000000,0.000000000000000,0.000000000000000,0.000000000000000,0, , , , , , , , ,0.000000000000000,0.000000000000000, , ,0.000000000000000,0.000000000000000,0.000000000000000
105,25,025,110502,25025110502,1105.02,Census Tract 1105.02,G5020,S,684298.000000000000000,0.000000000000000,+42.2829171,-071.1326050,169.087531782000010,0,0,0,0.000000000000000,0.000000000000000,0.000000000000000,0.000000000000000,0, , , , , , , , ,0.000000000000000,0.000000000000000, , ,0.000000000000000,0.000000000000000,0.000000000000000
106,25,025,110501,25025110501,1105.01,Census Tract 1105.01,G5020,S,647848.000000000000000,0.000000000000000,+42.2821618,-071.1414486,160.081384689999990,0,0,0,0.000000000000000,0.000000000000000,0.000000000000000,0.000000000000000,0, , , , , , , , ,0.000000000000000,0.000000000000000, , ,0.000000000000000,0.000000000000000,0.000000000000000
107,25,025,110401,25025110401,1104.01,Census Tract 1104.01,G5020,S,522448.000000000000000,0.000000000000000,+42.2864332,-071.1225529,129.094329466999990,0,0,0,0.000000000000000,0.000000000000000,0.000000000000000,0.000000000000000,0, , , , , , , , ,0.000000000000000,0.000000000000000, , ,0.000000000000000,0.000000000000000,0.000000000000000
108,25,025,101102,25025101102,1011.02,Census Tract 1011.02,G5020,S,561244.000000000000000,0.000000000000000,+42.2787961,-071.0920462,138.676236617999990,0,0,0,0.000000000000000,0.000000000000000,0.000000000000000,0.000000000000000,0, , , , , , , , ,0.000000000000000,0.000000000000000, , ,0.000000000000000,0.000000000000000,0.000000000000000
109,25,025,101101,25025101101,1011.01,Census Tract 1011.01,G5020,S,379768.000000000000000,0.000000000000000,+42.2826649,-071.0950819,93.836733653200000,0,0,0,0.000000000000000,0.000000000000000,0.000000000000000,0.000000000000000,0, , , , , , , , ,0.000000000000000,0.000000000000000, , ,0.000000000000000,0.000000000000000,0.000000000000000
110,25,025,101002,25025101002,1010.02,Census Tract 1010.02,G5020,S,1165212.000000000000000,4369.000000000000000,+42.2740572,-071.0853267,288.788683633999990,0,0,0,0.000000000000000,0.000000000000000,0.000000000000000,0.000000000000000,0, , , , , , , , ,0.000000000000000,0.000000000000000, , ,0.000000000000000,0.000000000000000,0.000000000000000
111,25,025,101001,25025101001,1010.01,Census Tract 1010.01,G5020,S,1296283.000000000000000,5844.000000000000000,+42.2718109,-071.0999859,321.425740505000020,0,0,0,0.000000000000000,0.000000000000000,0.000000000000000,0.000000000000000,0, , , , , , , , ,0.000000000000000,0.000000000000000, , ,0.000000000000000,0.000000000000000,0.000000000000000
112,25,025,100900,25025100900,1009,Census Tract 1009,G5020,S,955495.000000000000000,45716.000000000000000,+42.2740065,-071.0742308,239.402189144000000,0,0,0,0.000000000000000,0.000000000000000,0.000000000000000,0.000000000000000,0, , , , , , , , ,0.000000000000000,0.000000000000000, , ,0.000000000000000,0.000000000000000,0.000000000000000
113,25,025,100601,25025100601,1006.01,Census Tract 1006.01,G5020,S,552585.000000000000000,0.000000000000000,+42.2908491,-071.0562794,136.534514190000010,0,0,0,0.000000000000000,0.000000000000000,0.000000000000000,0.000000000000000,0, , , , , , , , ,0.000000000000000,0.000000000000000, , ,0.000000000000000,0.000000000000000,0.000000000000000
114,25,025,100500,25025100500,1005,Census Tract 1005,G5020,S,858932.000000000000000,0.000000000000000,+42.2882344,-071.0707474,212.229005742999990,0,0,0,0.000000000000000,0.000000000000000,0.000000000000000,0.000000000000000,0, , , , , , , , ,0.000000000000000,0.000000000000000, , ,0.000000000000000,0.000000000000000,0.000000000000000
115,25,025,100400,25025100400,1004,Census Tract 1004,G5020,S,626173.000000000000000,0.000000000000000,+42.2817870,-071.0708447,154.718249818000000,0,0,0,0.000000000000000,0.000000000000000,0.000000000000000,0.000000000000000,0, , , , , , , , ,0.000000000000000,0.000000000000000, , ,0.000000000000000,0.000000000000000,0.000000000000000
116,25,025,100300,25025100300,1003,Census Tract 1003,G5020,S,491879.000000000000000,0.000000000000000,+42.2827979,-071.0797972,121.536794411000000,0,0,0,0.000000000000000,0.000000000000000,0.000000000000000,0.000000000000000,0, , , , , , , , ,0.000000000000000,0.000000000000000, , ,0.000000000000000,0.000000000000000,0.000000000000000
117,25,025,981700,25025981700,9817,Census Tract 9817,G5020,S,314777.000000000000000,14973.000000000000000,+42.3550872,-071.0657432,81.476170388300005,0,0,0,0.000000000000000,0.000000000000000,0.000000000000000,0.000000000000000,0, , , , , , , , ,0.000000000000000,0.000000000000000, , ,0.000000000000000,0.000000000000000,0.000000000000000
118,25,025,981800,25025981800,9818,Census Tract 9818,G5020,S,703274.000000000000000,393640.000000000000000,+42.3231211,-071.1168818,271.039766777000010,0,0,0,0.000000000000000,0.000000000000000,0.000000000000000,0.000000000000000,0, , , , , , , , ,0.000000000000000,0.000000000000000, , ,0.000000000000000,0.000000000000000,0.000000000000000
119,25,025,100200,25025100200,1002,Census Tract 1002,G5020,S,350592.000000000000000,0.000000000000000,+42.2848004,-071.0857215,86.627051286200000,0,0,0,0.000000000000000,0.000000000000000,0.000000000000000,0.000000000000000,0, , , , , , , , ,0.000000000000000,0.000000000000000, , ,0.000000000000000,0.000000000000000,0.000000000000000
120,25,025,100100,25025100100,1001,Census Tract 1001,G5020,S,1037011.000000000000000,874.000000000000000,+42.2902498,-071.0873027,256.448856563999980,0,0,0,0.000000000000000,0.000000000000000,0.000000000000000,0.000000000000000,0, , , , , , , , ,0.000000000000000,0.000000000000000, , ,0.000000000000000,0.000000000000000,0.000000000000000
121,25,025,092400,25025092400,924,Census Tract 924,G5020,S,594010.000000000000000,0.000000000000000,+42.2960418,-071.0849877,146.772654456000000,0,0,0,0.000000000000000,0.000000000000000,0.000000000000000,0.000000000000000,0, , , , , , , , ,0.000000000000000,0.000000000000000, , ,0.000000000000000,0.000000000000000,0.000000000000000
122,25,025,092300,25025092300,923,Census Tract 923,G5020,S,342974.000000000000000,0.000000000000000,+42.2939435,-071.0750607,84.744606475699996,0,0,0,0.000000000000000,0.000000000000000,0.000000000000000,0.000000000000000,0, , , , , , , , ,0.000000000000000,0.000000000000000, , ,0.000000000000000,0.000000000000000,0.000000000000000
123,25,025,092200,25025092200,922,Census Tract 922,G5020,S,581304.000000000000000,0.000000000000000,+42.2950231,-071.0661698,143.631069158000000,0,0,0,0.000000000000000,0.000000000000000,0.000000000000000,0.000000000000000,0, , , , , , , , ,0.000000000000000,0.000000000000000, , ,0.000000000000000,0.000000000000000,0.000000000000000
124,25,025,092000,25025092000,920,Census Tract 920,G5020,S,489737.000000000000000,0.000000000000000,+42.2996758,-071.0675668,121.006674007000000,0,0,0,0.000000000000000,0.000000000000000,0.000000000000000,0.000000000000000,0, , , , , , , , ,0.000000000000000,0.000000000000000, , ,0.000000000000000,0.000000000000000,0.000000000000000
125,25,025,091900,25025091900,919,Census Tract 919,G5020,S,481985.000000000000000,0.000000000000000,+42.3008408,-071.0755308,119.090882511999990,0,0,0,0.000000000000000,0.000000000000000,0.000000000000000,0.000000000000000,0, , , , , , , , ,0.000000000000000,0.000000000000000, , ,0.000000000000000,0.000000000000000,0.000000000000000
126,25,025,091800,25025091800,918,Census Tract 918,G5020,S,432061.000000000000000,0.000000000000000,+42.3073664,-071.0705167,106.755901501000000,0,0,0,0.000000000000000,0.000000000000000,0.000000000000000,0.000000000000000,0, , , , , , , , ,0.000000000000000,0.000000000000000, , ,0.000000000000000,0.000000000000000,0.000000000000000
127,25,025,091700,25025091700,917,Census Tract 917,G5020,S,289325.000000000000000,0.000000000000000,+42.3036111,-071.0659136,71.487744447099999,0,0,0,0.000000000000000,0.000000000000000,0.000000000000000,0.000000000000000,0, , , , , , , , ,0.000000000000000,0.000000000000000, , ,0.000000000000000,0.000000000000000,0.000000000000000
128,25,025,091600,25025091600,916,Census Tract 916,G5020,S,312698.000000000000000,0.000000000000000,+42.3060364,-071.0611894,77.261779677800007,0,0,0,0.000000000000000,0.000000000000000,0.000000000000000,0.000000000000000,0, , , , , , , , ,0.000000000000000,0.000000000000000, , ,0.000000000000000,0.000000000000000,0.000000000000000
129,25,025,981100,25025981100,9811,Census Tract 9811,G5020,S,2713614.000000000000000,19091.000000000000000,+42.2879942,-071.1034042,675.224862808000010,0,0,0,0.000000000000000,0.000000000000000,0.000000000000000,0.000000000000000,0, , , , , , , , ,0.000000000000000,0.000000000000000, , ,0.000000000000000,0.000000000000000,0.000000000000000
130,25,025,140105,25025140105,1401.05,Census Tract 1401.05,G5020,S,1010909.000000000000000,0.000000000000000,+42.2679970,-071.1251892,249.790029828000000,0,0,0,0.000000000000000,0.000000000000000,0.000000000000000,0.000000000000000,0, , , , , , , , ,0.000000000000000,0.000000000000000, , ,0.000000000000000,0.000000000000000,0.000000000000000
131,25,025,980700,25025980700,9807,Census Tract 9807,G5020,S,2887914.000000000000000,53081.000000000000000,+42.2650180,-071.1400504,726.710164950000030,0,0,0,0.000000000000000,0.000000000000000,0.000000000000000,0.000000000000000,0, , , , , , , , ,0.000000000000000,0.000000000000000, , ,0.000000000000000,0.000000000000000,0.000000000000000
132,25,025,120105,25025120105,1201.05,Census Tract 1201.05,G5020,S,1837989.000000000000000,2474.000000000000000,+42.3087398,-071.1262938,454.768917304000010,0,0,0,0.000000000000000,0.000000000000000,0.000000000000000,0.000000000000000,0, , , , , , , , ,0.000000000000000,0.000000000000000, , ,0.000000000000000,0.000000000000000,0.000000000000000
133,25,025,120301,25025120301,1203.01,Census Tract 1203.01,G5020,S,662925.000000000000000,0.000000000000000,+42.3126415,-071.1019313,163.802583668000010,0,0,0,0.000000000000000,0.000000000000000,0.000000000000000,0.000000000000000,0, , , , , , , , ,0.000000000000000,0.000000000000000, , ,0.000000000000000,0.000000000000000,0.000000000000000
134,25,025,091500,25025091500,915,Census Tract 915,G5020,S,404166.000000000000000,0.000000000000000,+42.3114941,-071.0643707,99.862756411000007,0,0,0,0.000000000000000,0.000000000000000,0.000000000000000,0.000000000000000,0, , , , , , , , ,0.000000000000000,0.000000000000000, , ,0.000000000000000,0.000000000000000,0.000000000000000
135,25,025,091400,25025091400,914,Census Tract 914,G5020,S,325020.000000000000000,0.000000000000000,+42.3152689,-071.0698538,80.308507058199993,0,0,0,0.000000000000000,0.000000000000000,0.000000000000000,0.000000000000000,0, , , , , , , , ,0.000000000000000,0.000000000000000, , ,0.000000000000000,0.000000000000000,0.000000000000000
136,25,025,091300,25025091300,913,Census Tract 913,G5020,S,262560.000000000000000,0.000000000000000,+42.3199357,-071.0668701,64.874580718299995,0,0,0,0.000000000000000,0.000000000000000,0.000000000000000,0.000000000000000,0, , , , , , , , ,0.000000000000000,0.000000000000000, , ,0.000000000000000,0.000000000000000,0.000000000000000
137,25,025,091200,25025091200,912,Census Tract 912,G5020,S,323612.000000000000000,0.000000000000000,+42.3163259,-071.0622198,79.958987794999999,0,0,0,0.000000000000000,0.000000000000000,0.000000000000000,0.000000000000000,0, , , , , , , , ,0.000000000000000,0.000000000000000, , ,0.000000000000000,0.000000000000000,0.000000000000000
138,25,025,090600,25025090600,906,Census Tract 906,G5020,S,301664.000000000000000,0.000000000000000,+42.3229604,-071.0722753,74.536886570999997,0,0,0,0.000000000000000,0.000000000000000,0.000000000000000,0.000000000000000,0, , , , , , , , ,0.000000000000000,0.000000000000000, , ,0.000000000000000,0.000000000000000,0.000000000000000
139,25,025,090400,25025090400,904,Census Tract 904,G5020,S,425135.000000000000000,0.000000000000000,+42.3171635,-071.0747098,105.044592186000000,0,0,0,0.000000000000000,0.000000000000000,0.000000000000000,0.000000000000000,0, , , , , , , , ,0.000000000000000,0.000000000000000, , ,0.000000000000000,0.000000000000000,0.000000000000000
140,25,025,090300,25025090300,903,Census Tract 903,G5020,S,380394.000000000000000,0.000000000000000,+42.3109366,-071.0765050,93.989731200600005,0,0,0,0.000000000000000,0.000000000000000,0.000000000000000,0.000000000000000,0, , , , , , , , ,0.000000000000000,0.000000000000000, , ,0.000000000000000,0.000000000000000,0.000000000000000
141,25,025,090200,25025090200,902,Census Tract 902,G5020,S,273671.000000000000000,0.000000000000000,+42.3071378,-071.0790559,67.620811589400006,0,0,0,0.000000000000000,0.000000000000000,0.000000000000000,0.000000000000000,0, , , , , , , , ,0.000000000000000,0.000000000000000, , ,0.000000000000000,0.000000000000000,0.000000000000000
142,25,025,010203,25025010203,102.03,Census Tract 102.03,G5020,S,365106.000000000000000,1185.000000000000000,+42.3453168,-071.0968040,90.506868835500001,0,0,0,0.000000000000000,0.000000000000000,0.000000000000000,0.000000000000000,0, , , , , , , , ,0.000000000000000,0.000000000000000, , ,0.000000000000000,0.000000000000000,0.000000000000000
143,25,025,110403,25025110403,1104.03,Census Tract 1104.03,G5020,S,942869.000000000000000,7697.000000000000000,+42.2782721,-071.1269738,234.879270744000000,0,0,0,0.000000000000000,0.000000000000000,0.000000000000000,0.000000000000000,0, , , , , , , , ,0.000000000000000,0.000000000000000, , ,0.000000000000000,0.000000000000000,0.000000000000000
144,25,025,110201,25025110201,1102.01,Census Tract 1102.01,G5020,S,348208.000000000000000,0.000000000000000,+42.2804960,-071.1170508,86.040529963099999,0,0,0,0.000000000000000,0.000000000000000,0.000000000000000,0.000000000000000,0, , , , , , , , ,0.000000000000000,0.000000000000000, , ,0.000000000000000,0.000000000000000,0.000000000000000
145,25,025,981000,25025981000,9810,Census Tract 9810,G5020,S,1126260.000000000000000,4754.000000000000000,+42.2988831,-071.1267059,279.466493770999990,0,0,0,0.000000000000000,0.000000000000000,0.000000000000000,0.000000000000000,0, , , , , , , , ,0.000000000000000,0.000000000000000, , ,0.000000000000000,0.000000000000000,0.000000000000000
146,25,025,090100,25025090100,901,Census Tract 901,G5020,S,446992.000000000000000,0.000000000000000,+42.3023757,-071.0820198,110.446606835000000,0,0,0,0.000000000000000,0.000000000000000,0.000000000000000,0.000000000000000,0, , , , , , , , ,0.000000000000000,0.000000000000000, , ,0.000000000000000,0.000000000000000,0.000000000000000
147,25,025,082100,25025082100,821,Census Tract 821,G5020,S,370577.000000000000000,0.000000000000000,+42.3094485,-071.0872292,91.564860528899999,0,0,0,0.000000000000000,0.000000000000000,0.000000000000000,0.000000000000000,0, , , , , , , , ,0.000000000000000,0.000000000000000, , ,0.000000000000000,0.000000000000000,0.000000000000000
148,25,025,082000,25025082000,820,Census Tract 820,G5020,S,392158.000000000000000,0.000000000000000,+42.3137479,-071.0839483,96.897217024699998,0,0,0,0.000000000000000,0.000000000000000,0.000000000000000,0.000000000000000,0, , , , , , , , ,0.000000000000000,0.000000000000000, , ,0.000000000000000,0.000000000000000,0.000000000000000
149,25,025,081900,25025081900,819,Census Tract 819,G5020,S,433385.000000000000000,0.000000000000000,+42.3154742,-071.0896520,107.083909111000000,0,0,0,0.000000000000000,0.000000000000000,0.000000000000000,0.000000000000000,0, , , , , , , , ,0.000000000000000,0.000000000000000, , ,0.000000000000000,0.000000000000000,0.000000000000000
150,25,025,081800,25025081800,818,Census Tract 818,G5020,S,373920.000000000000000,0.000000000000000,+42.3203184,-071.0800303,92.390855892700003,0,0,0,0.000000000000000,0.000000000000000,0.000000000000000,0.000000000000000,0, , , , , , , , ,0.000000000000000,0.000000000000000, , ,0.000000000000000,0.000000000000000,0.000000000000000
151,25,025,081700,25025081700,817,Census Tract 817,G5020,S,633564.000000000000000,0.000000000000000,+42.3226962,-071.0860340,156.545887399000010,0,0,0,0.000000000000000,0.000000000000000,0.000000000000000,0.000000000000000,0, , , , , , , , ,0.000000000000000,0.000000000000000, , ,0.000000000000000,0.000000000000000,0.000000000000000
152,25,025,081500,25025081500,815,Census Tract 815,G5020,S,336293.000000000000000,0.000000000000000,+42.3207186,-071.0929141,83.094397990700003,0,0,0,0.000000000000000,0.000000000000000,0.000000000000000,0.000000000000000,0, , , , , , , , ,0.000000000000000,0.000000000000000, , ,0.000000000000000,0.000000000000000,0.000000000000000
153,25,025,081400,25025081400,814,Census Tract 814,G5020,S,620481.000000000000000,0.000000000000000,+42.3277602,-071.0937549,153.314571524000000,0,0,0,0.000000000000000,0.000000000000000,0.000000000000000,0.000000000000000,0, , , , , , , , ,0.000000000000000,0.000000000000000, , ,0.000000000000000,0.000000000000000,0.000000000000000
154,25,025,081300,25025081300,813,Census Tract 813,G5020,S,580338.000000000000000,0.000000000000000,+42.3193270,-071.0976901,143.395514209999990,0,0,0,0.000000000000000,0.000000000000000,0.000000000000000,0.000000000000000,0, , , , , , , , ,0.000000000000000,0.000000000000000, , ,0.000000000000000,0.000000000000000,0.000000000000000
155,25,025,110103,25025110103,1101.03,Census Tract 1101.03,G5020,S,935088.000000000000000,0.000000000000000,+42.2961825,-071.1157388,231.053288490000000,0,0,0,0.000000000000000,0.000000000000000,0.000000000000000,0.000000000000000,0, , , , , , , , ,0.000000000000000,0.000000000000000, , ,0.000000000000000,0.000000000000000,0.000000000000000
156,25,025,110301,25025110301,1103.01,Census Tract 1103.01,G5020,S,817929.000000000000000,0.000000000000000,+42.2868052,-071.1132775,202.104673953000000,0,0,0,0.000000000000000,0.000000000000000,0.000000000000000,0.000000000000000,0, , , , , , , , ,0.000000000000000,0.000000000000000, , ,0.000000000000000,0.000000000000000,0.000000000000000
157,25,025,140106,25025140106,1401.06,Census Tract 1401.06,G5020,S,279850.000000000000000,3116.000000000000000,+42.2738738,-071.1371416,69.920410947600004,0,0,0,0.000000000000000,0.000000000000000,0.000000000000000,0.000000000000000,0, , , , , , , , ,0.000000000000000,0.000000000000000, , ,0.000000000000000,0.000000000000000,0.000000000000000
159,25,025,010701,25025010701,107.01,Census Tract 107.01,G5020,S,202317.000000000000000,0.000000000000000,+42.3497223,-071.0838808,49.989603419900000,0,0,0,0.000000000000000,0.000000000000000,0.000000000000000,0.000000000000000,0, , , , , , , , ,0.000000000000000,0.000000000000000, , ,0.000000000000000,0.000000000000000,0.000000000000000
160,25,025,010408,25025010408,104.08,Census Tract 104.08,G5020,S,43381.000000000000000,0.000000000000000,+42.3431682,-071.0958461,10.718918596100000,0,0,0,0.000000000000000,0.000000000000000,0.000000000000000,0.000000000000000,0, , , , , , , , ,0.000000000000000,0.000000000000000, , ,0.000000000000000,0.000000000000000,0.000000000000000
161,25,025,000503,25025000503,5.03,Census Tract 5.03,G5020,S,139156.000000000000000,0.000000000000000,+42.3396360,-071.1500992,34.384943362700000,0,0,0,0.000000000000000,0.000000000000000,0.000000000000000,0.000000000000000,0, , , , , , , , ,0.000000000000000,0.000000000000000, , ,0.000000000000000,0.000000000000000,0.000000000000000
165,25,025,081200,25025081200,812,Census Tract 812,G5020,S,282374.000000000000000,0.000000000000000,+42.3244316,-071.1038626,69.772299220500003,0,0,0,0.000000000000000,0.000000000000000,0.000000000000000,0.000000000000000,0, , , , , , , , ,0.000000000000000,0.000000000000000, , ,0.000000000000000,0.000000000000000,0.000000000000000
166,25,025,081100,25025081100,811,Census Tract 811,G5020,S,495877.000000000000000,0.000000000000000,+42.3283906,-071.1074808,122.526822897000000,0,0,0,0.000000000000000,0.000000000000000,0.000000000000000,0.000000000000000,0, , , , , , , , ,0.000000000000000,0.000000000000000, , ,0.000000000000000,0.000000000000000,0.000000000000000
167,25,025,080900,25025080900,809,Census Tract 809,G5020,S,256667.000000000000000,0.000000000000000,+42.3323459,-071.1016908,63.420096373500002,0,0,0,0.000000000000000,0.000000000000000,0.000000000000000,0.000000000000000,0, , , , , , , , ,0.000000000000000,0.000000000000000, , ,0.000000000000000,0.000000000000000,0.000000000000000
168,25,025,080801,25025080801,808.01,Census Tract 808.01,G5020,S,364700.000000000000000,0.000000000000000,+42.3346057,-071.0962095,90.113914419599993,0,0,0,0.000000000000000,0.000000000000000,0.000000000000000,0.000000000000000,0, , , , , , , , ,0.000000000000000,0.000000000000000, , ,0.000000000000000,0.000000000000000,0.000000000000000
169,25,025,080601,25025080601,806.01,Census Tract 806.01,G5020,S,560163.000000000000000,0.000000000000000,+42.3333666,-071.0880449,138.408809394999990,0,0,0,0.000000000000000,0.000000000000000,0.000000000000000,0.000000000000000,0, , , , , , , , ,0.000000000000000,0.000000000000000, , ,0.000000000000000,0.000000000000000,0.000000000000000
170,25,025,080500,25025080500,805,Census Tract 805,G5020,S,245570.000000000000000,0.000000000000000,+42.3356824,-071.0825418,60.676590332700002,0,0,0,0.000000000000000,0.000000000000000,0.000000000000000,0.000000000000000,0, , , , , , , , ,0.000000000000000,0.000000000000000, , ,0.000000000000000,0.000000000000000,0.000000000000000
171,25,025,080401,25025080401,804.01,Census Tract 804.01,G5020,S,440468.000000000000000,0.000000000000000,+42.3321186,-071.0808985,108.832767007000000,0,0,0,0.000000000000000,0.000000000000000,0.000000000000000,0.000000000000000,0, , , , , , , , ,0.000000000000000,0.000000000000000, , ,0.000000000000000,0.000000000000000,0.000000000000000
172,25,025,080300,25025080300,803,Census Tract 803,G5020,S,268832.000000000000000,0.000000000000000,+42.3274519,-071.0790504,66.424471756800003,0,0,0,0.000000000000000,0.000000000000000,0.000000000000000,0.000000000000000,0, , , , , , , , ,0.000000000000000,0.000000000000000, , ,0.000000000000000,0.000000000000000,0.000000000000000
173,25,025,071101,25025071101,711.01,Census Tract 711.01,G5020,S,362769.000000000000000,0.000000000000000,+42.3359561,-071.0727569,89.635176657499997,0,0,0,0.000000000000000,0.000000000000000,0.000000000000000,0.000000000000000,0, , , , , , , , ,0.000000000000000,0.000000000000000, , ,0.000000000000000,0.000000000000000,0.000000000000000
174,25,025,070900,25025070900,709,Census Tract 709,G5020,S,167469.000000000000000,0.000000000000000,+42.3384283,-071.0781591,41.379102094700002,0,0,0,0.000000000000000,0.000000000000000,0.000000000000000,0.000000000000000,0, , , , , , , , ,0.000000000000000,0.000000000000000, , ,0.000000000000000,0.000000000000000,0.000000000000000
175,25,025,140107,25025140107,1401.07,Census Tract 1401.07,G5020,S,627360.000000000000000,0.000000000000000,+42.2577216,-071.1284206,155.017501307999990,0,0,0,0.000000000000000,0.000000000000000,0.000000000000000,0.000000000000000,0, , , , , , , , ,0.000000000000000,0.000000000000000, , ,0.000000000000000,0.000000000000000,0.000000000000000
176,25,025,130404,25025130404,1304.04,Census Tract 1304.04,G5020,S,1602605.000000000000000,35273.000000000000000,+42.2689968,-071.1594658,404.721127980000010,0,0,0,0.000000000000000,0.000000000000000,0.000000000000000,0.000000000000000,0, , , , , , , , ,0.000000000000000,0.000000000000000, , ,0.000000000000000,0.000000000000000,0.000000000000000
177,25,025,130406,25025130406,1304.06,Census Tract 1304.06,G5020,S,1048780.000000000000000,5879.000000000000000,+42.2600645,-071.1514976,260.605572219000010,0,0,0,0.000000000000000,0.000000000000000,0.000000000000000,0.000000000000000,0, , , , , , , , ,0.000000000000000,0.000000000000000, , ,0.000000000000000,0.000000000000000,0.000000000000000
178,25,025,120103,25025120103,1201.03,Census Tract 1201.03,G5020,S,353248.000000000000000,0.000000000000000,+42.3117567,-071.1182632,87.284793754600003,0,0,0,0.000000000000000,0.000000000000000,0.000000000000000,0.000000000000000,0, , , , , , , , ,0.000000000000000,0.000000000000000, , ,0.000000000000000,0.000000000000000,0.000000000000000
179,25,025,070800,25025070800,708,Census Tract 708,G5020,S,194390.000000000000000,0.000000000000000,+42.3411487,-071.0809850,48.031278268800001,0,0,0,0.000000000000000,0.000000000000000,0.000000000000000,0.000000000000000,0, , , , , , , , ,0.000000000000000,0.000000000000000, , ,0.000000000000000,0.000000000000000,0.000000000000000
180,25,025,070600,25025070600,706,Census Tract 706,G5020,S,132532.000000000000000,0.000000000000000,+42.3432584,-071.0753771,32.747211342600004,0,0,0,0.000000000000000,0.000000000000000,0.000000000000000,0.000000000000000,0, , , , , , , , ,0.000000000000000,0.000000000000000, , ,0.000000000000000,0.000000000000000,0.000000000000000
181,25,025,070500,25025070500,705,Census Tract 705,G5020,S,297278.000000000000000,0.000000000000000,+42.3419361,-071.0718235,73.453056600300002,0,0,0,0.000000000000000,0.000000000000000,0.000000000000000,0.000000000000000,0, , , , , , , , ,0.000000000000000,0.000000000000000, , ,0.000000000000000,0.000000000000000,0.000000000000000
185,25,025,040200,25025040200,402,Census Tract 402,G5020,S,143569.000000000000000,0.000000000000000,+42.3768529,-071.0567931,35.474063411700001,0,0,0,0.000000000000000,0.000000000000000,0.000000000000000,0.000000000000000,0, , , , , , , , ,0.000000000000000,0.000000000000000, , ,0.000000000000000,0.000000000000000,0.000000000000000
186,25,025,020200,25025020200,202,Census Tract 202,G5020,S,116893.000000000000000,0.000000000000000,+42.3603354,-071.0686334,28.881880464000002,0,0,0,0.000000000000000,0.000000000000000,0.000000000000000,0.000000000000000,0, , , , , , , , ,0.000000000000000,0.000000000000000, , ,0.000000000000000,0.000000000000000,0.000000000000000
187,25,025,010600,25025010600,106,Census Tract 106,G5020,S,339505.000000000000000,0.000000000000000,+42.3476385,-071.0793851,83.887235256200000,0,0,0,0.000000000000000,0.000000000000000,0.000000000000000,0.000000000000000,0, , , , , , , , ,0.000000000000000,0.000000000000000, , ,0.000000000000000,0.000000000000000,0.000000000000000
188,25,025,010500,25025010500,105,Census Tract 105,G5020,S,188533.000000000000000,10075.000000000000000,+42.3445637,-071.0845748,49.073574659400002,0,0,0,0.000000000000000,0.000000000000000,0.000000000000000,0.000000000000000,0, , , , , , , , ,0.000000000000000,0.000000000000000, , ,0.000000000000000,0.000000000000000,0.000000000000000
189,25,025,010300,25025010300,103,Census Tract 103,G5020,S,509208.000000000000000,0.000000000000000,+42.3394252,-071.1017927,125.820411781000000,0,0,0,0.000000000000000,0.000000000000000,0.000000000000000,0.000000000000000,0, , , , , , , , ,0.000000000000000,0.000000000000000, , ,0.000000000000000,0.000000000000000,0.000000000000000
190,25,025,000802,25025000802,8.02,Census Tract 8.02,G5020,S,977475.000000000000000,0.000000000000000,+42.3568717,-071.1297576,241.529196052000000,0,0,0,0.000000000000000,0.000000000000000,0.000000000000000,0.000000000000000,0, , , , , , , , ,0.000000000000000,0.000000000000000, , ,0.000000000000000,0.000000000000000,0.000000000000000
191,25,025,000701,25025000701,7.01,Census Tract 7.01,G5020,S,230433.000000000000000,0.000000000000000,+42.3469581,-071.1379847,56.939418996199997,0,0,0,0.000000000000000,0.000000000000000,0.000000000000000,0.000000000000000,0, , , , , , , , ,0.000000000000000,0.000000000000000, , ,0.000000000000000,0.000000000000000,0.000000000000000
192,25,025,000602,25025000602,6.02,Census Tract 6.02,G5020,S,599777.000000000000000,0.000000000000000,+42.3492514,-071.1424570,148.202902087000010,0,0,0,0.000000000000000,0.000000000000000,0.000000000000000,0.000000000000000,0, , , , , , , , ,0.000000000000000,0.000000000000000, , ,0.000000000000000,0.000000000000000,0.000000000000000
193,25,025,000601,25025000601,6.01,Census Tract 6.01,G5020,S,495044.000000000000000,0.000000000000000,+42.3509820,-071.1457225,122.324258865999990,0,0,0,0.000000000000000,0.000000000000000,0.000000000000000,0.000000000000000,0, , , , , , , , ,0.000000000000000,0.000000000000000, , ,0.000000000000000,0.000000000000000,0.000000000000000
194,25,025,000502,25025000502,5.02,Census Tract 5.02,G5020,S,863889.000000000000000,334529.000000000000000,+42.3315048,-071.1574973,296.130600910999990,0,0,0,0.000000000000000,0.000000000000000,0.000000000000000,0.000000000000000,0, , , , , , , , ,0.000000000000000,0.000000000000000, , ,0.000000000000000,0.000000000000000,0.000000000000000
195,25,025,000402,25025000402,4.02,Census Tract 4.02,G5020,S,806765.000000000000000,0.000000000000000,+42.3441742,-071.1588288,199.351439344000000,0,0,0,0.000000000000000,0.000000000000000,0.000000000000000,0.000000000000000,0, , , , , , , , ,0.000000000000000,0.000000000000000, , ,0.000000000000000,0.000000000000000,0.000000000000000
196,25,025,000401,25025000401,4.01,Census Tract 4.01,G5020,S,431043.000000000000000,0.000000000000000,+42.3438495,-071.1492929,106.509863866000000,0,0,0,0.000000000000000,0.000000000000000,0.000000000000000,0.000000000000000,0, , , , , , , , ,0.000000000000000,0.000000000000000, , ,0.000000000000000,0.000000000000000,0.000000000000000
197,25,025,000202,25025000202,2.02,Census Tract 2.02,G5020,S,601637.000000000000000,0.000000000000000,+42.3526051,-071.1543443,148.663971368000010,0,0,0,0.000000000000000,0.000000000000000,0.000000000000000,0.000000000000000,0, , , , , , , , ,0.000000000000000,0.000000000000000, , ,0.000000000000000,0.000000000000000,0.000000000000000
198,25,025,000201,25025000201,2.01,Census Tract 2.01,G5020,S,599378.000000000000000,0.000000000000000,+42.3540662,-071.1611678,148.106123725999990,0,0,0,0.000000000000000,0.000000000000000,0.000000000000000,0.000000000000000,0, , , , , , , , ,0.000000000000000,0.000000000000000, , ,0.000000000000000,0.000000000000000,0.000000000000000
199,25,025,020302,25025020302,203.02,Census Tract 203.02,G5020,S,76782.000000000000000,0.000000000000000,+42.3593442,-071.0639956,18.971133921100002,0,0,0,0.000000000000000,0.000000000000000,0.000000000000000,0.000000000000000,0, , , , , , , , ,0.000000000000000,0.000000000000000, , ,0.000000000000000,0.000000000000000,0.000000000000000
200,25,025,020101,25025020101,201.01,Census Tract 201.01,G5020,S,223142.000000000000000,0.000000000000000,+42.3577086,-071.0694112,55.134288926700002,0,0,0,0.000000000000000,0.000000000000000,0.000000000000000,0.000000000000000,0, , , , , , , , ,0.000000000000000,0.000000000000000, , ,0.000000000000000,0.000000000000000,0.000000000000000
201,25,025,081001,25025081001,810.01,Census Tract 810.01,G5020,S,558488.000000000000000,0.000000000000000,+42.3345666,-071.1068303,137.996946893000000,0,0,0,0.000000000000000,0.000000000000000,0.000000000000000,0.000000000000000,0, , , , , , , , ,0.000000000000000,0.000000000000000, , ,0.000000000000000,0.000000000000000,0.000000000000000
202,25,025,010403,25025010403,104.03,Census Tract 104.03,G5020,S,88556.000000000000000,0.000000000000000,+42.3450750,-071.0880610,21.881179346900002,0,0,0,0.000000000000000,0.000000000000000,0.000000000000000,0.000000000000000,0, , , , , , , , ,0.000000000000000,0.000000000000000, , ,0.000000000000000,0.000000000000000,0.000000000000000
203,25,025,000100,25025000100,1,Census Tract 1,G5020,S,1794942.000000000000000,0.000000000000000,+42.3614845,-071.1385879,443.523141371000010,0,0,0,0.000000000000000,0.000000000000000,0.000000000000000,0.000000000000000,0, , , , , , , , ,0.000000000000000,0.000000000000000, , ,0.000000000000000,0.000000000000000,0.000000000000000