FID,FID_PA_BOS,Id,FID_clip_t,STATEFP10,COUNTYFP10,TRACTCE10,GEOID10,NAME10,NAMELSAD10,MTFCC10,FUNCSTAT10,ALAND10,AWATER10,INTPTLAT10,INTPTLON10,area,interarea,percentage
0,0,0,18,25,025,180500,25025180500,1805,Census Tract 1805,G5020,S,782843.000000000000000,1893415.000000000000000,+42.3673241,-070.9695072,193.617951385000000,162.271255039000010,0.838100258154000
1,0,0,19,25,025,170800,25025170800,1708,Census Tract 1708,G5020,S,843082.000000000000000,503599.000000000000000,+42.3958704,-070.9841693,208.300532139000010,83.251141136399994,0.399668403539000
2,0,0,20,25,025,170400,25025170400,1704,Census Tract 1704,G5020,S,2334595.000000000000000,264950.000000000000000,+42.4239901,-070.9983953,577.868346944999980,365.676366418999980,0.632802208933000
3,0,0,21,25,025,170300,25025170300,1703,Census Tract 1703,G5020,S,3945724.000000000000000,496855.000000000000000,+42.4308837,-071.0147469,984.557130098000020,246.433682170999990,0.250299017332000
4,0,0,23,25,025,170100,25025170100,1701,Census Tract 1701,G5020,S,1462306.000000000000000,2839.000000000000000,+42.4107259,-071.0218234,362.002336347999970,30.910225156300001,0.085386811223700
5,0,0,24,25,025,160400,25025160400,1604,Census Tract 1604,G5020,S,1294086.000000000000000,3542.000000000000000,+42.3953160,-071.0424960,319.874592951000010,226.065319178000010,0.706731088244000
6,0,0,25,25,025,160200,25025160200,1602,Census Tract 1602,G5020,S,222152.000000000000000,0.000000000000000,+42.3897840,-071.0357615,54.888154452300000,0.108757325475000,0.001981435276160
7,0,0,26,25,025,140400,25025140400,1404,Census Tract 1404,G5020,S,1878139.000000000000000,12733.000000000000000,+42.2692219,-071.1118088,466.883102853000030,5.132509567630000,0.010993136261000
8,0,0,27,25,025,140300,25025140300,1403,Census Tract 1403,G5020,S,1547361.000000000000000,41485.000000000000000,+42.2587734,-071.1188131,390.697490438999980,9.868961096460000,0.025259852796500
9,0,0,28,25,025,140201,25025140201,1402.01,Census Tract 1402.01,G5020,S,1329071.000000000000000,86300.000000000000000,+42.2375306,-071.1305713,349.598335028000010,56.113517205199997,0.160508536749000
10,0,0,29,25,025,140202,25025140202,1402.02,Census Tract 1402.02,G5020,S,1538700.000000000000000,17101.000000000000000,+42.2495181,-071.1175430,376.659082500000010,0.062068904476300,0.000164788020149
11,0,0,30,25,025,140102,25025140102,1401.02,Census Tract 1401.02,G5020,S,2080064.000000000000000,75318.000000000000000,+42.2446858,-071.1424773,532.588690010000050,36.438742860100000,0.068418168736200
12,0,0,31,25,025,130402,25025130402,1304.02,Census Tract 1304.02,G5020,S,2103293.000000000000000,169597.000000000000000,+42.2724011,-071.1694056,561.635762291999980,86.933413261799998,0.154786107115000
13,0,0,34,25,025,130100,25025130100,1301,Census Tract 1301,G5020,S,4344387.000000000000000,45805.000000000000000,+42.2904255,-071.1714978,1084.825180260000000,90.229654719300001,0.083174373494600
14,0,0,45,25,025,101002,25025101002,1010.02,Census Tract 1010.02,G5020,S,1165212.000000000000000,4369.000000000000000,+42.2740572,-071.0853267,288.788683633999990,1.758958212310000,0.006090814190420
15,0,0,46,25,025,101001,25025101001,1010.01,Census Tract 1010.01,G5020,S,1296283.000000000000000,5844.000000000000000,+42.2718109,-071.0999859,321.425740505000020,1.929933533370000,0.006004290541070
16,0,0,47,25,025,100900,25025100900,1009,Census Tract 1009,G5020,S,955495.000000000000000,45716.000000000000000,+42.2740065,-071.0742308,239.402189144000000,8.489210890620001,0.035460038694600
17,0,0,48,25,025,100800,25025100800,1008,Census Tract 1008,G5020,S,1765783.000000000000000,141896.000000000000000,+42.2771920,-071.0638243,432.642995005999980,85.502606585400002,0.197628547260000
18,0,0,53,25,025,981300,25025981300,9813,Census Tract 9813,G5020,S,7157254.000000000000000,2015092.000000000000000,+42.3611289,-071.0069754,1770.684652599999900,137.990558695000000,0.077930623328300
19,0,0,54,25,025,981201,25025981201,9812.01,Census Tract 9812.01,G5020,S,786643.000000000000000,1328333.000000000000000,+42.3320503,-071.0270465,191.571903528000010,142.144424998000010,0.741989938922000
20,0,0,55,25,025,990101,25025990101,9901.01,Census Tract 9901.01,G5020,S,0.000000000000000,134592489.000000000000000,+42.3296110,-070.9491995,11.612525736200000,11.040093535500000,0.950705624797000
21,0,0,56,25,025,981501,25025981501,9815.01,Census Tract 9815.01,G5020,S,915439.000000000000000,1178787.000000000000000,+42.3524288,-071.0878101,516.711467727000010,327.201313000000030,0.633237954713000
22,0,0,71,25,025,980700,25025980700,9807,Census Tract 9807,G5020,S,2887914.000000000000000,53081.000000000000000,+42.2650180,-071.1400504,726.710164950000030,0.000540740837406,0.000000744094226
23,0,0,75,25,025,091001,25025091001,910.01,Census Tract 910.01,G5020,S,1186620.000000000000000,449817.000000000000000,+42.3082694,-071.0516795,295.126131773999990,75.847240747599997,0.256999406632000
24,0,0,86,25,025,980101,25025980101,9801.01,Census Tract 9801.01,G5020,S,3191250.000000000000000,5488830.000000000000000,+42.3265116,-070.9390337,793.223229718999960,34.986397265400001,0.044106622139400
25,0,0,87,25,025,170701,25025170701,1707.01,Census Tract 1707.01,G5020,S,507247.000000000000000,153379.000000000000000,+42.4022230,-070.9936992,127.537769650000000,99.900581976599995,0.783301936758000
26,0,0,88,25,025,040801,25025040801,408.01,Census Tract 408.01,G5020,S,952430.000000000000000,752502.000000000000000,+42.3790410,-071.0520372,235.652889689999990,95.868598950999996,0.406821232182000
27,0,0,105,25,025,160501,25025160501,1605.01,Census Tract 1605.01,G5020,S,385601.000000000000000,0.000000000000000,+42.3983070,-071.0328709,95.273325527400004,19.419022284099999,0.203824335685000
28,0,0,109,25,025,170702,25025170702,1707.02,Census Tract 1707.02,G5020,S,685965.000000000000000,0.000000000000000,+42.4065669,-070.9974758,169.482291263000010,21.876068079200000,0.129075833919000
29,0,0,110,25,025,170502,25025170502,1705.02,Census Tract 1705.02,G5020,S,923972.000000000000000,1163145.000000000000000,+42.4359498,-070.9711452,229.332299991000010,219.313957098000000,0.956315168455000
30,0,0,111,25,025,160602,25025160602,1606.02,Census Tract 1606.02,G5020,S,741842.000000000000000,0.000000000000000,+42.4071974,-071.0328182,183.291260103000010,16.965422548900001,0.092559910054400
31,0,0,126,25,025,100700,25025100700,1007,Census Tract 1007,G5020,S,1203877.000000000000000,173339.000000000000000,+42.2826719,-071.0479602,300.967518976000010,26.380597647599998,0.087652640183100
32,0,0,127,25,025,100603,25025100603,1006.03,Census Tract 1006.03,G5020,S,886469.000000000000000,343678.000000000000000,+42.2915512,-071.0413191,220.209980922999990,93.590595767099998,0.425006148108000
33,0,0,128,25,025,092101,25025092101,921.01,Census Tract 921.01,G5020,S,1291966.000000000000000,64101.000000000000000,+42.2979499,-071.0541278,319.843708999000000,29.157944045499999,0.091163100055200
34,0,0,129,25,025,061101,25025061101,611.01,Census Tract 611.01,G5020,S,165282.000000000000000,0.000000000000000,+42.3262844,-071.0542968,40.837574916599998,1.571715757320000,0.038487000281700
35,0,0,136,25,025,070101,25025070101,701.01,Census Tract 701.01,G5020,S,1019135.000000000000000,89007.000000000000000,+42.3524416,-071.0575175,253.297183644000000,6.753984476510000,0.026664269927300
36,0,0,137,25,025,061200,25025061200,612,Census Tract 612,G5020,S,1841489.000000000000000,72450.000000000000000,+42.3398086,-071.0567242,455.112653916000000,85.093100560300002,0.186971510961000
37,0,0,138,25,025,061000,25025061000,610,Census Tract 610,G5020,S,173037.000000000000000,0.000000000000000,+42.3316206,-071.0499171,42.754391395299997,3.155123539530000,0.073796478830900
38,0,0,142,25,025,060301,25025060301,603.01,Census Tract 603.01,G5020,S,272518.000000000000000,0.000000000000000,+42.3334669,-071.0369483,67.334143645400005,0.107537860936000,0.001597077724820
39,0,0,143,25,025,090901,25025090901,909.01,Census Tract 909.01,G5020,S,1173062.000000000000000,349466.000000000000000,+42.3170979,-071.0445333,291.766911940000000,128.340223552000000,0.439872440294000
40,0,0,144,25,025,060101,25025060101,601.01,Census Tract 601.01,G5020,S,295623.000000000000000,0.000000000000000,+42.3347618,-071.0279302,73.041473053999994,6.099460201170000,0.083506807107500
41,0,0,145,25,025,180400,25025180400,1804,Census Tract 1804,G5020,S,582577.000000000000000,152069.000000000000000,+42.3773816,-070.9770258,158.262425927000010,104.189564953000000,0.658334183510000
42,0,0,146,25,025,180101,25025180101,1801.01,Census Tract 1801.01,G5020,S,1137721.000000000000000,790428.000000000000000,+42.3869153,-070.9750268,281.100611387000010,87.733883077100003,0.312108474771000
43,0,0,147,25,025,170501,25025170501,1705.01,Census Tract 1705.01,G5020,S,955744.000000000000000,593136.000000000000000,+42.4164501,-070.9896720,237.559047174999990,207.909790186000010,0.875192052917000
44,0,0,148,25,025,160601,25025160601,1606.01,Census Tract 1606.01,G5020,S,659426.000000000000000,1953.000000000000000,+42.4023748,-071.0274593,163.411771922000010,17.793209723600000,0.108885727842000
45,0,0,149,25,025,981502,25025981502,9815.02,Census Tract 9815.02,G5020,S,1252250.000000000000000,27493.000000000000000,+42.3963670,-071.0043791,316.154077325000000,199.886521163000000,0.632244008536000
46,0,0,150,25,025,060600,25025060600,606,Census Tract 606,G5020,S,1260969.000000000000000,632511.000000000000000,+42.3495755,-071.0422812,309.302704575000010,112.354626018000000,0.363251353306000
47,0,0,151,25,025,060400,25025060400,604,Census Tract 604,G5020,S,399278.000000000000000,0.000000000000000,+42.3323988,-071.0428981,98.654182599899997,1.075167348510000,0.010898345312600
48,0,0,152,25,025,060200,25025060200,602,Census Tract 602,G5020,S,170386.000000000000000,0.000000000000000,+42.3325583,-071.0326799,42.098565050900000,3.025927319140000,0.071877208058800
49,0,0,153,25,025,051200,25025051200,512,Census Tract 512,G5020,S,412098.000000000000000,496108.000000000000000,+42.3642605,-071.0365915,104.223615667999990,56.685079693699997,0.543879420517000
50,0,0,154,25,025,050700,25025050700,507,Census Tract 507,G5020,S,271727.000000000000000,0.000000000000000,+42.3753575,-071.0332714,67.137422602000001,28.025447456300000,0.417434068365000
51,0,0,155,25,025,050600,25025050600,506,Census Tract 506,G5020,S,169229.000000000000000,0.000000000000000,+42.3718877,-071.0372695,41.812655650400004,35.900791525400003,0.858610651894000
52,0,0,156,25,025,050500,25025050500,505,Census Tract 505,G5020,S,114773.000000000000000,0.000000000000000,+42.3697766,-071.0339104,28.358037005700002,3.301986488340000,0.116439176932000
53,0,0,157,25,025,050400,25025050400,504,Census Tract 504,G5020,S,131979.000000000000000,0.000000000000000,+42.3682184,-071.0379018,32.609176367899998,5.305608924050000,0.162702941779000
54,0,0,158,25,025,050300,25025050300,503,Census Tract 503,G5020,S,355328.000000000000000,364097.000000000000000,+42.3722392,-071.0434118,86.226349980600006,49.633212058900000,0.575615366649000
55,0,0,159,25,025,050200,25025050200,502,Census Tract 502,G5020,S,243272.000000000000000,0.000000000000000,+42.3775778,-071.0357577,60.106694198100001,0.450772618196000,0.007499541011360
56,0,0,162,25,025,030500,25025030500,305,Census Tract 305,G5020,S,190734.000000000000000,292691.000000000000000,+42.3675368,-071.0519594,46.340019529999999,15.590902920700000,0.336445756364000
57,0,0,163,25,025,180200,25025180200,1802,Census Tract 1802,G5020,S,1067654.000000000000000,240959.000000000000000,+42.3800132,-070.9880989,263.786700413999990,58.709608013199997,0.222564700650000
58,0,0,164,25,025,981600,25025981600,9816,Census Tract 9816,G5020,S,586984.000000000000000,158872.000000000000000,+42.3886205,-070.9934424,149.641882363000010,142.511519862000000,0.952350489125000
59,0,0,165,25,025,051101,25025051101,511.01,Census Tract 511.01,G5020,S,1159406.000000000000000,623214.000000000000000,+42.3854556,-071.0043188,287.052486266000020,76.216700775700005,0.265514860251000
60,0,0,166,25,025,170601,25025170601,1706.01,Census Tract 1706.01,G5020,S,1277344.000000000000000,85936.000000000000000,+42.4073348,-071.0076986,311.932255473999990,58.238597479100001,0.186702710146000
61,0,0,167,25,025,160502,25025160502,1605.02,Census Tract 1605.02,G5020,S,1152306.000000000000000,282671.000000000000000,+42.3965390,-071.0183981,280.445720875000010,132.411321415999990,0.472145986050000
62,0,0,168,25,025,180301,25025180301,1803.01,Census Tract 1803.01,G5020,S,721121.000000000000000,293948.000000000000000,+42.3722211,-070.9899980,178.179292513000010,26.527988078600000,0.148883676125000
63,0,0,169,25,025,051000,25025051000,510,Census Tract 510,G5020,S,1044305.000000000000000,210152.000000000000000,+42.3873027,-071.0161271,257.807297674999970,83.162891119500003,0.322577723243000
64,0,0,170,25,025,030400,25025030400,304,Census Tract 304,G5020,S,108635.000000000000000,0.000000000000000,+42.3644367,-071.0541678,26.840956817500000,0.328620600089000,0.012243252069000
65,0,0,171,25,025,030300,25025030300,303,Census Tract 303,G5020,S,691377.000000000000000,234496.000000000000000,+42.3600562,-071.0532861,169.886468753000000,53.637761582499998,0.315727096903000
66,0,0,172,25,025,030200,25025030200,302,Census Tract 302,G5020,S,66711.000000000000000,0.000000000000000,+42.3645208,-071.0569750,16.483339830500000,1.363176515500000,0.082700261568200
67,0,0,173,25,025,030100,25025030100,301,Census Tract 301,G5020,S,76346.000000000000000,0.000000000000000,+42.3669462,-071.0561502,18.863690249800001,0.013728051623300,0.000727750055345
68,0,0,180,25,025,050101,25025050101,501.01,Census Tract 501.01,G5020,S,299772.000000000000000,184516.000000000000000,+42.3816657,-071.0397908,74.121888640899996,9.755924717870000,0.131620023407000
69,0,0,181,25,025,050901,25025050901,509.01,Census Tract 509.01,G5020,S,614932.000000000000000,194139.000000000000000,+42.3819368,-071.0295001,151.948273696999990,29.769653321500002,0.195919654743000
70,0,0,182,25,025,160300,25025160300,1603,Census Tract 1603,G5020,S,567067.000000000000000,294165.000000000000000,+42.3880151,-071.0467339,141.886937749000000,30.906257133699999,0.217823131742000
71,0,0,183,25,025,160101,25025160101,1601.01,Census Tract 1601.01,G5020,S,707020.000000000000000,55916.000000000000000,+42.3889705,-071.0284298,175.354197340000010,52.335722551600000,0.298457198889000
72,0,0,185,25,025,981202,25025981202,9812.02,Census Tract 9812.02,G5020,S,1594870.000000000000000,933939.000000000000000,+42.3439164,-071.0243619,391.220099190999970,250.625304476999990,0.640624817067000
73,0,0,186,25,025,040100,25025040100,401,Census Tract 401,G5020,S,259341.000000000000000,64873.000000000000000,+42.3729980,-071.0601499,64.261569191700005,7.336836162110000,0.114171444215000
74,0,0,187,25,025,040600,25025040600,406,Census Tract 406,G5020,S,1426899.000000000000000,420711.000000000000000,+42.3830719,-071.0699730,353.722048046999990,84.909244851899999,0.240045101290000
75,0,0,195,25,025,040401,25025040401,404.01,Census Tract 404.01,G5020,S,429844.000000000000000,28580.000000000000000,+42.3741334,-071.0663888,107.015870535999990,13.973985653800000,0.130578628981000
76,0,0,196,25,025,020303,25025020303,203.03,Census Tract 203.03,G5020,S,448840.000000000000000,78767.000000000000000,+42.3659600,-071.0634677,111.316039504000000,50.750730130599997,0.455915700529000
77,0,0,199,25,025,020301,25025020301,203.01,Census Tract 203.01,G5020,S,256258.000000000000000,328.000000000000000,+42.3631745,-071.0686463,63.200015045999997,0.466930217601000,0.007388134595560
78,1,0,4,25,025,010204,25025010204,102.04,Census Tract 102.04,G5020,S,254706.000000000000000,0.000000000000000,+42.3462887,-071.1033879,62.936564123799997,7.562608730890000,0.120162402193000
79,1,0,6,25,025,010104,25025010104,101.04,Census Tract 101.04,G5020,S,279354.000000000000000,7377.000000000000000,+42.3494322,-071.0937501,70.848750004699994,1.830194883130000,0.025832423056300
80,1,0,58,25,025,981800,25025981800,9818,Census Tract 9818,G5020,S,703274.000000000000000,393640.000000000000000,+42.3231211,-071.1168818,271.039766777000010,70.329385805100003,0.259479952486000
81,1,0,89,25,025,010203,25025010203,102.03,Census Tract 102.03,G5020,S,365106.000000000000000,1185.000000000000000,+42.3453168,-071.0968040,90.506868835500001,0.588729499786000,0.006504804633730
82,1,0,177,25,025,010300,25025010300,103,Census Tract 103,G5020,S,509208.000000000000000,0.000000000000000,+42.3394252,-071.1017927,125.820411781000000,0.123576140554000,0.000982162900318
83,2,0,31,25,025,130402,25025130402,1304.02,Census Tract 1304.02,G5020,S,2103293.000000000000000,169597.000000000000000,+42.2724011,-071.1694056,561.635762291999980,0.190956108009000,0.000339999908891
84,3,0,31,25,025,130402,25025130402,1304.02,Census Tract 1304.02,G5020,S,2103293.000000000000000,169597.000000000000000,+42.2724011,-071.1694056,561.635762291999980,0.071194188056500,0.000126762205751
85,4,0,72,25,025,120105,25025120105,1201.05,Census Tract 1201.05,G5020,S,1837989.000000000000000,2474.000000000000000,+42.3087398,-071.1262938,454.768917304000010,0.055465790382600,0.000121964778753
86,5,0,58,25,025,981800,25025981800,9818,Census Tract 9818,G5020,S,703274.000000000000000,393640.000000000000000,+42.3231211,-071.1168818,271.039766777000010,14.463931612200000,0.053364610603800
87,6,0,58,25,025,981800,25025981800,9818,Census Tract 9818,G5020,S,703274.000000000000000,393640.000000000000000,+42.3231211,-071.1168818,271.039766777000010,0.941795213547000,0.003474749202840
88,7,0,126,25,025,100700,25025100700,1007,Census Tract 1007,G5020,S,1203877.000000000000000,173339.000000000000000,+42.2826719,-071.0479602,300.967518976000010,3.348138172520000,0.011124583090900
89,8,0,86,25,025,980101,25025980101,9801.01,Census Tract 9801.01,G5020,S,3191250.000000000000000,5488830.000000000000000,+42.3265116,-070.9390337,793.223229718999960,78.658791765900006,0.099163500032300
90,9,0,86,25,025,980101,25025980101,9801.01,Census Tract 9801.01,G5020,S,3191250.000000000000000,5488830.000000000000000,+42.3265116,-070.9390337,793.223229718999960,44.603509762999998,0.056230715505900
91,10,0,86,25,025,980101,25025980101,9801.01,Census Tract 9801.01,G5020,S,3191250.000000000000000,5488830.000000000000000,+42.3265116,-070.9390337,793.223229718999960,16.082599201299999,0.020274997754400
92,11,0,30,25,025,140102,25025140102,1401.02,Census Tract 1401.02,G5020,S,2080064.000000000000000,75318.000000000000000,+42.2446858,-071.1424773,532.588690010000050,0.049694186614500,0.000093306875543
93,11,0,71,25,025,980700,25025980700,9807,Census Tract 9807,G5020,S,2887914.000000000000000,53081.000000000000000,+42.2650180,-071.1400504,726.710164950000030,63.865051329600000,0.087882424672000
94,11,0,122,25,025,140107,25025140107,1401.07,Census Tract 1401.07,G5020,S,627360.000000000000000,0.000000000000000,+42.2577216,-071.1284206,155.017501307999990,1.444355226410000,0.009317368775930
95,12,0,21,25,025,170300,25025170300,1703,Census Tract 1703,G5020,S,3945724.000000000000000,496855.000000000000000,+42.4308837,-071.0147469,984.557130098000020,0.166845229187000,0.000169462212081
96,13,0,86,25,025,980101,25025980101,9801.01,Census Tract 9801.01,G5020,S,3191250.000000000000000,5488830.000000000000000,+42.3265116,-070.9390337,793.223229718999960,65.296565878199999,0.082318020239200
97,14,0,86,25,025,980101,25025980101,9801.01,Census Tract 9801.01,G5020,S,3191250.000000000000000,5488830.000000000000000,+42.3265116,-070.9390337,793.223229718999960,15.542230919400000,0.019593766719200
98,15,0,86,25,025,980101,25025980101,9801.01,Census Tract 9801.01,G5020,S,3191250.000000000000000,5488830.000000000000000,+42.3265116,-070.9390337,793.223229718999960,9.509788292860000,0.011988791977500
99,16,0,86,25,025,980101,25025980101,9801.01,Census Tract 9801.01,G5020,S,3191250.000000000000000,5488830.000000000000000,+42.3265116,-070.9390337,793.223229718999960,14.904078402700000,0.018789261136500